Receiver -4.557 -3.01 0 0.2241
Transmitter -2.0174 -2.58 0
planes 0 -6.5 1 4.3 2 1.5 0 -6.5 1 -4.3 2 1.5 0 -6.5 1 -4.3 2 -1.5 0 -6.5 1 4.3 2 -1.5
planes 0 6.5 1 4.3 2 1.5 0 6.5 1 -4.3 2 1.5 0 6.5 1 -4.3 2 -1.5 0 6.5 1 4.3 2 -1.5
planes 1 -4.3 2 1.5 0 6.5 1 -4.3 2 -1.5 0 6.5 1 -4.3 2 -1.5 0 -6.5 1 -4.3 2 1.5 0 -6.5
planes 1 4.3 2 1.5 0 6.5 1 4.3 2 -1.5 0 6.5 1 4.3 2 -1.5 0 -6.5 1 4.3 2 1.5 0 -6.5
planes 2 -1.5 0 6.5 1 4.3 2 -1.5 0 -6.5 1 4.3 2 -1.5 0 -6.5 1 -4.3 2 -1.5 0 6.5 1 -4.3
planes 2 1.5 0 6.5 1 4.3 2 1.5 0 -6.5 1 4.3 2 1.5 0 -6.5 1 -4.3 2 1.5 0 6.5 1 -4.3
planes 0 -3.6736 1 -0.47 2 1.5 0 -3.6736 1 -2.9699999999999998 2 1.5 0 -3.6736 1 -2.9699999999999998 2 -1.5 0 -3.6736 1 -0.47 2 -1.5
planes 0 -3.6435999999999997 1 -0.47 2 1.5 0 -3.6435999999999997 1 -2.9699999999999998 2 1.5 0 -3.6435999999999997 1 -2.9699999999999998 2 -1.5 0 -3.6435999999999997 1 -0.47 2 -1.5
planes 1 -2.9699999999999998 2 1.5 0 -3.6435999999999997 1 -2.9699999999999998 2 -1.5 0 -3.6435999999999997 1 -2.9699999999999998 2 -1.5 0 -3.6736 1 -2.9699999999999998 2 1.5 0 -3.6736
planes 1 -0.47 2 1.5 0 -3.6435999999999997 1 -0.47 2 -1.5 0 -3.6435999999999997 1 -0.47 2 -1.5 0 -3.6736 1 -0.47 2 1.5 0 -3.6736
planes 2 -1.5 0 -3.6435999999999997 1 -0.47 2 -1.5 0 -3.6736 1 -0.47 2 -1.5 0 -3.6736 1 -2.9699999999999998 2 -1.5 0 -3.6435999999999997 1 -2.9699999999999998
planes 2 1.5 0 -3.6435999999999997 1 -0.47 2 1.5 0 -3.6736 1 -0.47 2 1.5 0 -3.6736 1 -2.9699999999999998 2 1.5 0 -3.6435999999999997 1 -2.9699999999999998
planes 0 5.59 1 4.3 2 1.5 0 5.59 1 3.6550000000000002 2 1.5 0 5.59 1 3.6550000000000002 2 -1.5 0 5.59 1 4.3 2 -1.5
planes 0 6.5 1 4.3 2 1.5 0 6.5 1 3.6550000000000002 2 1.5 0 6.5 1 3.6550000000000002 2 -1.5 0 6.5 1 4.3 2 -1.5
planes 1 3.6550000000000002 2 1.5 0 6.5 1 3.6550000000000002 2 -1.5 0 6.5 1 3.6550000000000002 2 -1.5 0 5.59 1 3.6550000000000002 2 1.5 0 5.59
planes 1 4.3 2 1.5 0 6.5 1 4.3 2 -1.5 0 6.5 1 4.3 2 -1.5 0 5.59 1 4.3 2 1.5 0 5.59
planes 2 -1.5 0 6.5 1 4.3 2 -1.5 0 5.59 1 4.3 2 -1.5 0 5.59 1 3.6550000000000002 2 -1.5 0 6.5 1 3.6550000000000002
planes 2 1.5 0 6.5 1 4.3 2 1.5 0 5.59 1 4.3 2 1.5 0 5.59 1 3.6550000000000002 2 1.5 0 6.5 1 3.6550000000000002
planes 0 -6.5 1 4.3 2 1.5 0 -6.5 1 3.6550000000000002 2 1.5 0 -6.5 1 3.6550000000000002 2 -1.5 0 -6.5 1 4.3 2 -1.5
planes 0 -5.59 1 4.3 2 1.5 0 -5.59 1 3.6550000000000002 2 1.5 0 -5.59 1 3.6550000000000002 2 -1.5 0 -5.59 1 4.3 2 -1.5
planes 1 3.6550000000000002 2 1.5 0 -5.59 1 3.6550000000000002 2 -1.5 0 -5.59 1 3.6550000000000002 2 -1.5 0 -6.5 1 3.6550000000000002 2 1.5 0 -6.5
planes 1 4.3 2 1.5 0 -5.59 1 4.3 2 -1.5 0 -5.59 1 4.3 2 -1.5 0 -6.5 1 4.3 2 1.5 0 -6.5
planes 2 -1.5 0 -5.59 1 4.3 2 -1.5 0 -6.5 1 4.3 2 -1.5 0 -6.5 1 3.6550000000000002 2 -1.5 0 -5.59 1 3.6550000000000002
planes 2 1.5 0 -5.59 1 4.3 2 1.5 0 -6.5 1 4.3 2 1.5 0 -6.5 1 3.6550000000000002 2 1.5 0 -5.59 1 3.6550000000000002
planes 0 5.59 1 -3.6550000000000002 2 1.5 0 5.59 1 -4.3 2 1.5 0 5.59 1 -4.3 2 -1.5 0 5.59 1 -3.6550000000000002 2 -1.5
planes 0 6.5 1 -3.6550000000000002 2 1.5 0 6.5 1 -4.3 2 1.5 0 6.5 1 -4.3 2 -1.5 0 6.5 1 -3.6550000000000002 2 -1.5
planes 1 -4.3 2 1.5 0 6.5 1 -4.3 2 -1.5 0 6.5 1 -4.3 2 -1.5 0 5.59 1 -4.3 2 1.5 0 5.59
planes 1 -3.6550000000000002 2 1.5 0 6.5 1 -3.6550000000000002 2 -1.5 0 6.5 1 -3.6550000000000002 2 -1.5 0 5.59 1 -3.6550000000000002 2 1.5 0 5.59
planes 2 -1.5 0 6.5 1 -3.6550000000000002 2 -1.5 0 5.59 1 -3.6550000000000002 2 -1.5 0 5.59 1 -4.3 2 -1.5 0 6.5 1 -4.3
planes 2 1.5 0 6.5 1 -3.6550000000000002 2 1.5 0 5.59 1 -3.6550000000000002 2 1.5 0 5.59 1 -4.3 2 1.5 0 6.5 1 -4.3
planes 0 -6.5 1 -3.6550000000000002 2 1.5 0 -6.5 1 -4.3 2 1.5 0 -6.5 1 -4.3 2 -1.5 0 -6.5 1 -3.6550000000000002 2 -1.5
planes 0 -5.59 1 -3.6550000000000002 2 1.5 0 -5.59 1 -4.3 2 1.5 0 -5.59 1 -4.3 2 -1.5 0 -5.59 1 -3.6550000000000002 2 -1.5
planes 1 -4.3 2 1.5 0 -5.59 1 -4.3 2 -1.5 0 -5.59 1 -4.3 2 -1.5 0 -6.5 1 -4.3 2 1.5 0 -6.5
planes 1 -3.6550000000000002 2 1.5 0 -5.59 1 -3.6550000000000002 2 -1.5 0 -5.59 1 -3.6550000000000002 2 -1.5 0 -6.5 1 -3.6550000000000002 2 1.5 0 -6.5
planes 2 -1.5 0 -5.59 1 -3.6550000000000002 2 -1.5 0 -6.5 1 -3.6550000000000002 2 -1.5 0 -6.5 1 -4.3 2 -1.5 0 -5.59 1 -4.3
planes 2 1.5 0 -5.59 1 -3.6550000000000002 2 1.5 0 -6.5 1 -3.6550000000000002 2 1.5 0 -6.5 1 -4.3 2 1.5 0 -5.59 1 -4.3
Time 2.175660510860401e-08 0.11534193770219035
-3.9247918632597902 -3.0393798359629627 1.5 0
-4.553411595107691 -3.190777791916201 0.01693359513389736 0
-2.6531972877532635 -2.7331266119876543 -1.5 1
-3.9247918632597902 -3.0393798359629627 1.5 1
-2.0174 -2.58 0 2
-2.6531972877532635 -2.7331266119876543 -1.5 2
Time 3.274624431370009e-08 0.009232606165826622
-4.146122891115079 -3.537926751045962 -1.4999999999999993 3
-4.573348261849413 -3.03978550945923 0.005217186267524543 3
-3.492539129862857 -4.3 0.8027319478036576 4
-4.146122891115079 -3.537926751045962 -1.4999999999999993 4
-3.294633734669047 -4.069243949372423 1.5 5
-3.492539129862857 -4.3 0.8027319478036576 5
-2.4431445782230155 -3.0764146497908076 -1.5 6
-3.294633734669047 -4.069243949372423 1.5 6
-2.0174 -2.58 0 7
-2.4431445782230155 -3.0764146497908076 -1.5 7
Time 3.274344918351159e-08 0.00932125969728532
-4.040792486332154 -3.451336610883945 -1.5 8
-4.446671131998922 -2.9360803644608326 0.004448525465687414 8
-3.3722817222364605 -4.3 0.9779328600781629 9
-4.040792486332154 -3.451336610883945 -1.5 9
-3.2314354917992922 -4.121198033469633 1.5 10
-3.3722817222364605 -4.3 0.9779328600781629 10
-2.4220784972664307 -3.093732677823211 -1.5 11
-3.2314354917992922 -4.121198033469633 1.5 11
-2.0174 -2.58 0 12
-2.4220784972664307 -3.093732677823211 -1.5 12
Time 2.391313127328602e-08 0.036149130367424204
-3.8687158952962437 -3.9342600553465124 1.5 13
-4.526076401843939 -3.193660857755341 -0.09784847468793445 13
-3.5440828197215897 -4.3 0.710913251597086 14
-3.8687158952962437 -3.9342600553465124 1.5 14
-2.634505298432081 -3.2752466482178293 -1.5 15
-3.5440828197215897 -4.3 0.710913251597086 15
-2.0174 -2.58 0 16
-2.634505298432081 -3.2752466482178293 -1.5 16
Time 2.3915159058287074e-08 0.0363615244528853
-3.8018105053101205 -3.8767406107895983 1.5 17
-4.43561946005363 -3.1154712788857424 -0.09836555986320361 17
-3.449418021049765 -4.3 0.6113221007987719 18
-3.8018105053101205 -3.8767406107895983 1.5 18
-2.6122035017700402 -3.294419796403467 -1.5 19
-3.449418021049765 -4.3 0.6113221007987719 19
-2.0174 -2.58 0 20
-2.6122035017700402 -3.294419796403467 -1.5 20
Time 2.3919508304952895e-08 0.036221126907388206
-4.013400426188129 -3.800544594127464 1.5 21
-4.669808265049804 -3.0706509992644047 0.0201229237617766 21
-3.5642302377059547 -4.3 0.48734197565783854 22
-4.013400426188129 -3.800544594127464 1.5 22
-2.682733475396043 -3.3198184686241787 -1.5 23
-3.5642302377059547 -4.3 0.48734197565783854 23
-2.0174 -2.58 0 24
-2.682733475396043 -3.3198184686241787 -1.5 24
Time 2.3923123789665925e-08 0.036418447433944186
-3.94558426242881 -3.7413808018622596 1.5 25
-4.5800772666316725 -2.991572825191197 0.019219052583520302 25
-3.472876603588712 -4.3 0.3967939909949463 26
-3.94558426242881 -3.7413808018622596 1.5 26
-2.66012808747627 -3.33953973271258 -1.5 27
-3.472876603588712 -4.3 0.3967939909949463 27
-2.0174 -2.58 0 28
-2.66012808747627 -3.33953973271258 -1.5 28
Time 2.3920142994917075e-08 0.036600326937253035
-3.8760153366765 -3.68428832467042 1.5 29
-4.487308034769323 -2.9160801517343957 0.019964251270731648 29
-3.3860699487994355 -4.3 0.31376517134027226 30
-3.8760153366765 -3.68428832467042 1.5 30
-2.636938445558833 -3.3585705584431933 -1.5 31
-3.3860699487994355 -4.3 0.31376517134027226 31
-2.0174 -2.58 0 32
-2.636938445558833 -3.3585705584431933 -1.5 32
Time 2.7129065986875223e-08 0.009772101857357787
-5.59 -3.7679021470325473 1.2113416806842252 33
-4.60865371621591 -3.1492804545039306 -0.10403984704692348 33
-5.374645167221935 -3.903657663050474 1.5 34
-5.59 -3.7679021470325473 1.2113416806842252 34
-4.745910216331531 -4.3 0.6572533020136793 35
-5.374645167221935 -3.903657663050474 1.5 35
-3.1364817224073116 -3.285447445649842 -1.5 36
-4.745910216331531 -4.3 0.6572533020136793 36
-2.0174 -2.58 0 37
-3.1364817224073116 -3.285447445649842 -1.5 37
Time 2.713320029496792e-08 0.009828377866015411
-5.59 -3.7796653739176356 1.4514467963643252 38
-4.47409032505751 -3.079891796032069 0.030695935107059924 38
-5.55186453855917 -3.8035796645596105 1.5 39
-5.59 -3.7796653739176356 1.4514467963643252 39
-4.7602366854041955 -4.3 0.49211739138014576 40
-5.55186453855917 -3.8035796645596105 1.5 40
-3.19555484618639 -3.3188067784801296 -1.5 41
-4.7602366854041955 -4.3 0.49211739138014576 41
-2.0174 -2.58 0 42
-3.19555484618639 -3.3188067784801296 -1.5 42
Time 2.713519061815381e-08 0.009867306032977023
-5.59 -3.655714385512078 1.379028381752161 43
-4.5472286446964905 -2.9656261263887056 0.030258064006163377 43
-5.4964735213595395 -3.717608610452836 1.5 44
-5.59 -3.655714385512078 1.379028381752161 44
-4.6164396263231975 -4.3 0.3617220925771052 45
-5.4964735213595395 -3.717608610452836 1.5 45
-3.177091173786513 -3.3474637965157212 -1.5 46
-4.6164396263231975 -4.3 0.3617220925771052 46
-2.0174 -2.58 0 47
-3.177091173786513 -3.3474637965157212 -1.5 47
Time 2.9855102463695837e-08 0.009018527308005706
-6.335854571563897 -3.495171935109976 1.5 48
-4.662720559516143 -3.050552606115672 -0.12029600505764537 48
-6.5 -3.53879200960683 1.341038326859437 49
-6.335854571563897 -3.495171935109976 1.5 49
-6.062701105149159 -3.6550000000000002 0.9175494447729751 50
-6.5 -3.53879200960683 1.341038326859437 50
-3.5663151428120345 -2.9916093549633413 -1.5 51
-6.062701105149159 -3.6550000000000002 0.9175494447729751 51
-2.0174 -2.58 0 52
-3.5663151428120345 -2.9916093549633413 -1.5 52
Time 2.985155356980552e-08 0.009206130457159456
-6.365251099150116 -3.3894282733280434 1.5 53
-4.7034482659640915 -2.906951003078336 -0.1195684818101288 53
-6.5 -3.428550412581204 1.3686757126556177 54
-6.365251099150116 -3.3894282733280434 1.5 54
-5.720036695715014 -3.6550000000000002 0.6085350032029693 55
-6.5 -3.428550412581204 1.3686757126556177 55
-3.5565163002832945 -3.026857242223986 -1.5 56
-5.720036695715014 -3.6550000000000002 0.6085350032029693 56
-2.0174 -2.58 0 57
-3.5565163002832945 -3.026857242223986 -1.5 57
Time 2.985976386874314e-08 0.009008783711963656
-6.116980979186859 -3.4500579918209566 1.5 58
-4.525433998366864 -3.0313881720039504 0.028047226251375124 58
-6.5 -3.5508143668214007 1.1457623200077245 59
-6.116980979186859 -3.4500579918209566 1.5 59
-6.103944869962934 -3.6550000000000002 0.7794681079983041 60
-6.5 -3.5508143668214007 1.1457623200077245 60
-3.6392730069377137 -3.0066473360596815 -1.5 61
-6.103944869962934 -3.6550000000000002 0.7794681079983041 61
-2.0174 -2.58 0 62
-3.6392730069377137 -3.0066473360596815 -1.5 62
Time 2.9857227575791494e-08 0.009192859742657098
-6.146815321663344 -3.3415884814780275 1.5 63
-4.565572282283416 -2.8875947254506324 0.028554484841703864 63
-6.5 -3.4429920195149526 1.1713395739816876 64
-6.146815321663344 -3.3415884814780275 1.5 64
-5.761584242108501 -3.6550000000000002 0.4841975419144746 65
-6.5 -3.4429920195149526 1.1713395739816876 65
-3.6293282261122184 -3.0428038395073242 -1.5 66
-5.761584242108501 -3.6550000000000002 0.4841975419144746 66
-2.0174 -2.58 0 67
-3.6293282261122184 -3.0428038395073242 -1.5 67
Time 1.648860003576538e-08 0.12247054880979834
-3.5508814279335574 -4.3 -1.1141590609121192 68
-4.56488036626199 -3.1626675601313696 0.13283400679542035 68
-3.2371328492682303 -3.948089930876069 -1.5 69
-3.5508814279335574 -4.3 -1.1141590609121192 69
-2.0174 -2.58 0 70
-3.2371328492682303 -3.948089930876069 -1.5 70
Time 1.649221558755743e-08 0.1228104326143553
-3.485636783560553 -4.3 -1.1492632715056614 71
-4.503302325867174 -3.1078321205639527 0.13352096163591032 71
-3.2073883659479483 -3.974039444010468 -1.5 72
-3.485636783560553 -4.3 -1.1492632715056614 72
-2.0174 -2.58 0 73
-3.2073883659479483 -3.974039444010468 -1.5 73
Time 1.6491119409478904e-08 0.12313074026984872
-3.422748123816362 -4.3 -1.1822567922673244 74
-4.439851690865405 -3.055170974595508 0.1333126878009907 74
-3.177091961305107 -3.9993423961232177 -1.5 75
-3.422748123816362 -4.3 -1.1822567922673244 75
-2.0174 -2.58 0 76
-3.177091961305107 -3.9993423961232177 -1.5 76
Time 1.6486671102390112e-08 0.12197082245868965
-3.6304820970857357 -4.3 -1.1528325022305923 77
-4.680913457856619 -3.1799442112772462 0.050034153942168924 77
-3.3273099830147936 -3.9767331079155204 -1.4999999999999998 78
-3.6304820970857357 -4.3 -1.1528325022305923 78
-2.0174 -2.58 0 79
-3.3273099830147936 -3.9767331079155204 -1.4999999999999998 79
Time 1.649583737573915e-08 0.12232301585371921
-3.5633615502910168 -4.3 -1.1883939521475742 80
-4.6216400969575275 -3.1225844944696393 0.05172991451174136 80
-3.297447794157854 -4.004150688312434 -1.4999999999999998 81
-3.5633615502910168 -4.3 -1.1883939521475742 81
-2.0174 -2.58 0 82
-3.297447794157854 -4.004150688312434 -1.4999999999999998 82
Time 1.6500278891006198e-08 0.12296831277264669
-3.4364492363460295 -4.3 -1.2532856089769413 83
-4.497325185148315 -3.014134375887868 0.0525515948361448 83
-3.236015856981821 -4.057058878806673 -1.4999999999999998 84
-3.4364492363460295 -4.3 -1.2532856089769413 84
-2.0174 -2.58 0 85
-3.236015856981821 -4.057058878806673 -1.4999999999999998 85
Time 1.649555214218042e-08 0.12326384856479913
-3.376289611510653 -4.3 -1.2828913531413084 86
-4.43244367203702 -2.963184287584709 0.05167714630337561 86
-3.2044736432403065 -4.082525774778373 -1.4999999999999998 87
-3.376289611510653 -4.3 -1.2828913531413084 87
-2.0174 -2.58 0 88
-3.2044736432403065 -4.082525774778373 -1.4999999999999998 88
Time 1.648619585517803e-08 0.1235427501267654
-3.3181096928191223 -4.3 -1.3107657083112907 89
-4.365857314434974 -2.9145056663079165 0.04994623320793412 89
-3.172399367955185 -4.107319219538695 -1.4999999999999998 90
-3.3181096928191223 -4.3 -1.3107657083112907 90
-2.0174 -2.58 0 91
-3.172399367955185 -4.107319219538695 -1.4999999999999998 91
Time 1.6487082749036755e-08 0.12183833276783984
-3.6328251377027785 -4.3 -1.2302545137135845 92
-4.726296088607677 -3.135742993184456 -0.032325105173385715 92
-3.3866012356188078 -4.037836745448522 -1.5 93
-3.6328251377027785 -4.3 -1.2302545137135845 93
-2.0174 -2.58 0 94
-3.3866012356188078 -4.037836745448522 -1.5 94
Time 1.6496444300224403e-08 0.12217987217748749
-3.5666681970377296 -4.3 -1.2638460696633795 95
-4.667127592095248 -3.0782682410198365 -0.030640025959609574 95
-3.3559347087893387 -4.066043348414254 -1.5 96
-3.5666681970377296 -4.3 -1.2638460696633795 96
-2.0174 -2.58 0 97
-3.3559347087893387 -4.066043348414254 -1.5 97
Time 1.6501250267792252e-08 0.12250218040325916
-3.502948785655028 -4.3 -1.2954601656339535 98
-4.6060248737158975 -3.022835029192181 -0.029774951797397087 98
-3.324687241727209 -4.093604990615872 -1.5 99
-3.502948785655028 -4.3 -1.2954601656339535 99
-2.0174 -2.58 0 100
-3.324687241727209 -4.093604990615872 -1.5 100
Time 1.6497189086760238e-08 0.12309380496407492
-3.3821005186193664 -4.3 -1.3532746975117629 101
-4.478326570035724 -2.918371735988159 -0.030505964383159556 101
-3.260503980266722 -4.146745829496616 -1.5 102
-3.3821005186193664 -4.3 -1.3532746975117629 102
-2.0174 -2.58 0 103
-3.260503980266722 -4.146745829496616 -1.5 103
Time 1.6488323700762003e-08 0.12336521391380613
-3.324650283983825 -4.3 -1.3797043143151688 104
-4.411892490179703 -2.869473177731549 -0.03210173386284221 104
-3.227596042179152 -4.172301962409745 -1.5 105
-3.324650283983825 -4.3 -1.3797043143151688 105
-2.0174 -2.58 0 106
-3.227596042179152 -4.172301962409745 -1.5 106
Time 5.6643046544081e-08 0.004781892673804123
-3.9483451518939283 -0.5577747921136078 -1.4999999999999996 107
-4.350725143739632 -3.0037509093041335 0.06288744705295324 107
-3.175967091136357 4.137335124731835 1.5 108
-3.9483451518939283 -0.5577747921136078 -1.4999999999999996 108
-3.1492075938853508 4.3 1.3960632158890183 109
-3.175967091136357 4.137335124731835 1.5 109
-2.4035890303787855 -0.23244504157727874 -1.4999999999999998 110
-3.1492075938853508 4.3 1.3960632158890183 110
-2.0174 -2.58 0 111
-2.4035890303787855 -0.23244504157727874 -1.4999999999999998 111
Time 5.6646408654371724e-08 0.004775104336773747
-4.1792219676493945 -0.5174540832690946 -1.4999999999999996 112
-4.629868279839263 -2.9558669699543394 0.06342538469946724 112
-3.3144931805896367 4.161527550038543 1.5 113
-4.1792219676493945 -0.5174540832690946 -1.4999999999999996 113
-3.2889019038801965 4.3 1.4112162896885094 114
-3.3144931805896367 4.161527550038543 1.5 114
-2.449764393529879 -0.2405091833461812 -1.4999999999999998 115
-3.2889019038801965 4.3 1.4112162896885094 115
-2.0174 -2.58 0 116
-2.449764393529879 -0.2405091833461812 -1.4999999999999998 116
Time 2.087768242405435e-08 0.03578388292140045
-5.59 -3.81263030554991 -0.5754071319101398 117
-4.54815879567496 -3.1689174071407744 0.13165236360815014 117
-4.801198298694518 -4.3 -1.1107379776030297 118
-5.59 -3.81263030554991 -0.5754071319101398 118
-4.227626743849924 -3.9456125880975828 -1.4999999999999998 119
-4.801198298694518 -4.3 -1.1107379776030297 119
-2.0174 -2.58 0 120
-4.227626743849924 -3.9456125880975828 -1.4999999999999998 120
Time 2.088251065931821e-08 0.035880992456088646
-5.59 -3.71647308050824 -0.5457718777028112 121
-4.602824755167681 -3.0799661245861905 0.1323765988977288 121
-4.684992875952054 -4.3 -1.167474261042051 122
-5.59 -3.71647308050824 -0.5457718777028112 122
-4.200937850989989 -3.987892912580369 -1.4999999999999998 123
-4.684992875952054 -4.3 -1.167474261042051 123
-2.0174 -2.58 0 124
-4.200937850989989 -3.987892912580369 -1.4999999999999998 124
Time 2.0882863358662587e-08 0.03575558678537912
-5.59 -3.8207458672897077 -0.6837746012629798 125
-4.492118852959381 -3.144902042105305 0.028015187006072084 125
-4.811470911862855 -4.3 -1.1885187225188791 126
-5.59 -3.8207458672897077 -0.6837746012629798 126
-4.331034935063778 -4.004248780306198 -1.5 127
-4.811470911862855 -4.3 -1.1885187225188791 127
-2.0174 -2.58 0 128
-4.331034935063778 -4.004248780306198 -1.5 128
Time 2.0888226158026693e-08 0.035852386691516185
-5.59 -3.7258319184267616 -0.6558791506481115 129
-4.546513276077118 -3.0557502032699286 0.02879279291386727 129
-4.695875064384175 -4.3 -1.2425490558998802 130
-5.59 -3.7258319184267616 -0.6558791506481115 130
-4.303502272193709 -4.048035286368153 -1.5 131
-4.695875064384175 -4.3 -1.2425490558998802 131
-2.0174 -2.58 0 132
-4.303502272193709 -4.048035286368153 -1.5 132
Time 2.0881189701575325e-08 0.035713424489528765
-5.59 -3.8201648652313898 -0.7862329980787932 133
-4.444840923803219 -3.1150310213314736 -0.07663344177945797 133
-4.810732965220755 -4.3 -1.2691069966454611 134
-5.59 -3.8201648652313898 -0.7862329980787932 134
-4.438115457114188 -4.070560072170757 -1.5 135
-4.810732965220755 -4.3 -1.2691069966454611 135
-2.0174 -2.58 0 136
-4.438115457114188 -4.070560072170757 -1.5 136
Time 2.0886546055807607e-08 0.035808127770110436
-5.59 -3.726214059353392 -0.7598431082061118 137
-4.499221975128107 -3.0258806053374308 -0.07588355218693876 137
-4.6963212938796675 -4.3 -1.320213850120938 138
-5.59 -3.726214059353392 -0.7598431082061118 138
-4.409598519501312 -4.115909794342422 -1.5 139
-4.6963212938796675 -4.3 -1.320213850120938 139
-2.0174 -2.58 0 140
-4.409598519501312 -4.115909794342422 -1.5 140
Time 2.431258889307612e-08 0.032505143222998314
-6.5 -3.6204006739010186 -0.7796149109776795 141
-4.601783673850121 -3.150526146553945 0.1606365560998918 141
-6.360224375120556 -3.6550000000000002 -0.848850558434757 142
-6.5 -3.6204006739010186 -0.7796149109776795 142
-5.045658491395592 -3.3295992462646833 -1.5 143
-6.360224375120556 -3.6550000000000002 -0.848850558434757 143
-2.0174 -2.58 0 144
-5.045658491395592 -3.3295992462646833 -1.5 144
Time 2.4316152633950354e-08 0.033029226615195216
-6.5 -3.532009076676231 -0.769021253877659 145
-4.631151704837306 -3.032552668637591 0.1610998424135427 145
-6.039796919861864 -3.6550000000000002 -0.9980631694374273 146
-6.5 -3.532009076676231 -0.769021253877659 146
-5.031279003413545 -3.385469970571881 -1.5 147
-6.039796919861864 -3.6550000000000002 -0.9980631694374273 147
-2.0174 -2.58 0 148
-5.031279003413545 -3.385469970571881 -1.5 148
Time 2.4312882500063542e-08 0.03348119875998625
-6.5 -3.4427393119584377 -0.7575554611164335 149
-4.664476953186198 -2.915635251779595 0.16067472500825652 149
-5.760849205561704 -3.6550000000000002 -1.1273195851515039 150
-6.5 -3.4427393119584377 -0.7575554611164335 150
-5.01586880643371 -3.441065234203592 -1.5 151
-5.760849205561704 -3.6550000000000002 -1.1273195851515039 151
-2.0174 -2.58 0 152
-5.01586880643371 -3.441065234203592 -1.5 152
Time 2.432170339548419e-08 0.032641937402314435
-6.5 -3.5844885099455053 -0.8793779980444655 153
-4.5561560403940335 -3.087746531941298 0.040212924435518826 153
-6.224075395085524 -3.6550000000000002 -1.0099120158159653 154
-6.5 -3.5844885099455053 -0.8793779980444655 154
-5.188120662993946 -3.3902656831331752 -1.5 155
-6.224075395085524 -3.6550000000000002 -1.0099120158159653 155
-2.0174 -2.58 0 156
-5.188120662993946 -3.3902656831331752 -1.5 156
Time 2.4322512234481972e-08 0.03312563565793576
-6.5 -3.496515707263014 -0.869036481565955 157
-4.5871307440077125 -2.970148379969485 0.04031402931024175 157
-5.924052908654025 -3.6550000000000002 -1.1428334387351144 158
-6.5 -3.496515707263014 -0.869036481565955 158
-5.17273322923384 -3.4482581485323283 -1.5 159
-5.924052908654025 -3.6550000000000002 -1.1428334387351144 159
-2.0174 -2.58 0 160
-5.17273322923384 -3.4482581485323283 -1.5 160
Time 2.431654618911517e-08 0.03354389577315253
-6.5 -3.4076506597456158 -0.8578700550173397 161
-4.622029402810467 -2.853656732067324 0.039568273639392304 161
-5.661516462502256 -3.6550000000000002 -1.2585617727813403 162
-6.5 -3.4076506597456158 -0.8578700550173397 162
-5.15628520897103 -3.5059587706280038 -1.5 163
-5.661516462502256 -3.6550000000000002 -1.2585617727813403 163
-2.0174 -2.58 0 164
-5.15628520897103 -3.5059587706280038 -1.5 164
Time 2.431727160126368e-08 0.03225396423797872
-6.5 -3.629304306751405 -0.9855174943550138 165
-4.489343213244799 -3.1355905545133047 -0.08192740784836261 165
-6.395353897300898 -3.6550000000000002 -1.032545501130383 166
-6.5 -3.629304306751405 -0.9855174943550138 166
-5.355180289060975 -3.399586933739229 -1.5 167
-6.395353897300898 -3.6550000000000002 -1.032545501130383 167
-2.0174 -2.58 0 168
-5.355180289060975 -3.399586933739229 -1.5 168
Time 2.4321584220925665e-08 0.03276598132680839
-6.5 -3.542476847536639 -0.9761463445699886 169
-4.518263027637832 -3.017478289384513 -0.08140989348892458 169
-6.075253516374851 -3.6550000000000002 -1.167915568572978 170
-6.5 -3.542476847536639 -0.9761463445699886 170
-5.339725199729603 -3.460145026255157 -1.5 171
-6.075253516374851 -3.6550000000000002 -1.167915568572978 171
-2.0174 -2.58 0 172
-5.339725199729603 -3.460145026255157 -1.5 172
Time 2.431917692517141e-08 0.03320831622947131
-6.5 -3.4548086638904847 -0.966011860141863 173
-4.551108664418674 -2.9003961920767587 -0.08169876897943495 173
-5.796279971614043 -3.6550000000000002 -1.2853261401395581 174
-6.5 -3.4548086638904847 -0.966011860141863 174
-5.323171488160677 -3.52041207354222 -1.5 175
-5.796279971614043 -3.6550000000000002 -1.2853261401395581 175
-2.0174 -2.58 0 176
-5.323171488160677 -3.52041207354222 -1.5 176
Time 5.20474288449329e-08 0.020040102056929646
-3.95404308243244 0.5119825208192341 1.5 177
-4.593330821901641 -3.0095402836396543 0.014545682832726836 177
-3.2663766194269854 4.3 -0.09786752220642914 178
-3.95404308243244 0.5119825208192341 1.5 178
-2.6629476941441466 0.9760058263935885 -1.5 179
-3.2663766194269854 4.3 -0.09786752220642914 179
-2.0174 -2.58 0 180
-2.6629476941441466 0.9760058263935885 -1.5 180
Time 5.5639120087958546e-08 0.004162041773220175
-6.350823977778395 0.7436938723168298 1.5 181
-4.6830725210443145 -3.0140795312032593 -0.12030320967543018 181
-6.5 1.0798169118043925 1.3550680998440763 182
-6.350823977778395 0.7436938723168298 1.5 182
-5.070838510044831 4.3 -0.03343313034139306 183
-6.5 1.0798169118043925 1.3550680998440763 183
-3.561325340740535 0.8987687092277232 -1.5 184
-5.070838510044831 4.3 -0.03343313034139306 184
-2.0174 -2.58 0 185
-3.561325340740535 0.8987687092277232 -1.5 185
Time 5.5637862496981005e-08 0.004244610465449655
-6.164617446755226 0.8283393203132263 1.5 186
-4.429967202415236 -2.8986377969555215 -0.12016487466790138 186
-6.5 1.5489244097587545 1.1867523962731945 187
-6.164617446755226 0.8283393203132263 1.5 187
-5.219564463463368 4.3 -0.009175536370382043 188
-6.5 1.5489244097587545 1.1867523962731945 188
-3.6233941844149244 0.8705535598955909 -1.5 189
-5.219564463463368 4.3 -0.009175536370382043 189
-2.0174 -2.58 0 190
-3.6233941844149244 0.8705535598955909 -1.5 190
Time 5.563905434709132e-08 0.0040497170028076495
-6.050572706178497 0.1922236452510564 1.5 191
-4.579622191680325 -3.0848213342964055 0.15789929355542265 191
-6.5 1.1934765374272525 1.089940869806152 192
-6.050572706178497 0.1922236452510564 1.5 192
-5.10559061163602 4.3 -0.18232342919693534 193
-6.5 1.1934765374272525 1.089940869806152 193
-3.661409097940501 1.0825921182496479 -1.5 194
-5.10559061163602 4.3 -0.18232342919693534 194
-2.0174 -2.58 0 195
-3.661409097940501 1.0825921182496479 -1.5 195
Time 6.265103025886376e-08 0.005227480640606978
-3.9510314740111823 1.2802051179765406 1.5 196
-4.5748845286306095 -3.0236510702367085 0.04815212540795333 196
-3.513305820762403 4.3 0.4813128995395546 197
-3.9510314740111823 1.2802051179765406 1.5 197
-2.661943824670394 -1.5734017059921799 -1.5 198
-3.513305820762403 4.3 0.4813128995395546 198
-2.2667176367937336 -4.3 -0.5802188165899257 199
-2.661943824670394 -1.5734017059921799 -1.5 199
-2.0174 -2.58 0 200
-2.2667176367937336 -4.3 -0.5802188165899257 200
Time 4.907578780238661e-08 0.07915918958383937
-3.202427129109632 4.3 -1.4505772935846317 201
-4.457114533474268 -2.9844318328091948 0.18992620715511888 201
-3.16462772959539 4.080545219371156 -1.5 202
-3.202427129109632 4.3 -1.4505772935846317 202
-2.0174 -2.58 0 203
-3.16462772959539 4.080545219371156 -1.5 203
Time 4.907683645184477e-08 0.07703732326745012
-3.219030939070627 3.9304425592820733 -1.5 204
-4.376289802889825 -3.05141379465467 -0.05538981288932443 204
-3.157775937208549 4.3 -1.4235351722350111 205
-3.219030939070627 3.9304425592820733 -1.5 205
-2.0174 -2.58 0 206
-3.157775937208549 4.3 -1.4235351722350111 206
Time 5.287357489007571e-08 0.01707711518770234
-6.5 1.1263963184695434 -0.753070152544423 207
-4.65366844735779 -3.0145677860612126 0.17241449340453063 207
-5.0849854128462315 4.3 -1.462354610328038 208
-6.5 1.1263963184695434 -0.753070152544423 208
-5.009883280069532 4.131560460765044 -1.5 209
-5.0849854128462315 4.3 -1.462354610328038 209
-2.0174 -2.58 0 210
-5.009883280069532 4.131560460765044 -1.5 210
Time 5.741029984334924e-08 0.013477548929234397
-4.223505778914756 -4.3 -0.08389936836342549 211
-4.4061809660535785 -3.018188436866322 0.15756649138419615 211
-3.1521889138225547 3.2173118307071356 -1.5 212
-4.223505778914756 -4.3 -0.08389936836342549 212
-2.9978914572954474 4.299999999999999 -1.296044725171811 213
-3.1521889138225547 3.2173118307071356 -1.5 213
-2.0174 -2.58 0 214
-2.9978914572954474 4.299999999999999 -1.296044725171811 214
Time 5.7410542988628034e-08 0.013437873871900983
-4.491958751278072 -4.3 -0.07641565311458609 215
-4.690015515461872 -3.061024078340545 0.1575798643745296 215
-3.287018963062053 3.2376945129915633 -1.5 216
-4.491958751278072 -4.3 -0.07641565311458609 216
-3.117203889456921 4.3 -1.2993708208379617 217
-3.287018963062053 3.2376945129915633 -1.5 217
-2.0174 -2.58 0 218
-3.117203889456921 4.3 -1.2993708208379617 218
Time 5.28728568510802e-08 0.016436165120708224
-6.5 0.9455976967052235 -0.9162932482492415 219
-4.7267135919518095 -3.1030630133580708 -0.09199287319060034 219
-5.244293608877779 3.8125508893976847 -1.5 220
-6.5 0.9455976967052235 -0.9162932482492415 220
-5.030794147118053 4.3 -1.4007561973042666 221
-5.244293608877779 3.8125508893976847 -1.5 221
-2.0174 -2.58 0 222
-5.030794147118053 4.3 -1.4007561973042666 222
Time 5.2876231856485875e-08 0.016737829159575748
-6.5 1.4001998327839664 -0.993663280630713 223
-4.485054147032891 -2.995857765435592 -0.0918072478932882 223
-5.368731775512601 3.8683159196549894 -1.5 224
-6.5 1.4001998327839664 -0.993663280630713 224
-5.170868115164888 4.3 -1.4114395379502007 225
-5.368731775512601 3.8683159196549894 -1.5 225
-2.0174 -2.58 0 226
-5.170868115164888 4.3 -1.4114395379502007 226
Time 5.7412990126075636e-08 0.012956088249641196
-4.409541177230186 -4.3 -0.35234476018713523 227
-4.611015205698047 -2.996223287166644 -0.12935049369622906 227
-3.372641313857348 2.4099759988233282 -1.5 228
-4.409541177230186 -4.3 -0.35234476018713523 228
-3.0805738565467493 4.3 -1.176735662139051 229
-3.372641313857348 2.4099759988233282 -1.5 229
-2.0174 -2.58 0 230
-3.0805738565467493 4.3 -1.176735662139051 230
Time 6.020859971072802e-08 0.022011040692567933
-3.5618763455945484 4.3 -1.2361745536468582 231
-4.6534533080769425 -2.993782313306845 0.010429985536387631 231
-3.3308601970857294 2.7563786558393346 -1.5 232
-3.5618763455945484 4.3 -1.2361745536468582 232
-2.274812724265758 -4.3 -0.2939709077255236 233
-3.3308601970857294 2.7563786558393346 -1.5 233
-2.0174 -2.58 0 234
-2.274812724265758 -4.3 -0.2939709077255236 234
Time 6.020566936998704e-08 0.022043418624568916
-3.383962581338337 4.3 -1.240374282583991 235
-4.355249865773479 -3.0349621248622363 0.010283468499339143 235
-3.18233175322402 2.777325389590356 -1.5 236
-3.383962581338337 4.3 -1.240374282583991 236
-2.245160430223056 -4.3 -0.29327095290266814 237
-3.18233175322402 2.777325389590356 -1.5 237
-2.0174 -2.58 0 238
-2.245160430223056 -4.3 -0.29327095290266814 238
Time 6.602370749631312e-08 0.06307017687925466
5.134723914872811 -2.8675993679688365 -1.5 239
-4.557327453757296 -3.149651296406967 -0.02893316266592416 239
6.5 -2.827867969731828 -1.2927773702132395 240
5.134723914872811 -2.8675993679688365 -1.5 240
-2.0174 -2.58 0 241
6.5 -2.827867969731828 -1.2927773702132395 241
Time 6.602229403527102e-08 0.063079645135272
5.131280124301647 -2.700970258009653 -1.5 242
-4.563729399038717 -2.819602018315076 -0.028996768412818286 242
6.5 -2.6842220900137157 -1.2923270363538353 243
5.131280124301647 -2.700970258009653 -1.5 243
-2.0174 -2.58 0 244
6.5 -2.6842220900137157 -1.2923270363538353 244
Time 7.675661399192703e-08 0.018548964218280586
6.5 -2.8150680120773073 -1.4162393742602868 245
-4.5470318034862185 -3.0357008015384954 0.07026455967706524 245
5.8775285249493905 -2.8026359289310365 -1.5 246
6.5 -2.8150680120773073 -1.4162393742602868 246
-3.6435999999999997 -2.612478682835742 -0.2188237293393194 247
5.8775285249493905 -2.8026359289310365 -1.5 247
-2.0174 -2.58 0 248
-3.6435999999999997 -2.612478682835742 -0.2188237293393194 248
Time 7.143881839253105e-08 0.004103837107598543
4.03675867096908 -4.3 -1.3140613740620726 249
-4.5894713367079945 -3.1047155229795003 -0.14244726429877286 249
5.405766897556619 -4.110304816739509 -1.5 250
4.03675867096908 -4.3 -1.3140613740620726 250
5.59 -4.084776750909138 -1.4749774696343556 251
5.405766897556619 -4.110304816739509 -1.5 251
-3.6435999999999997 -2.8053326905033646 -0.22087039918961576 252
5.59 -4.084776750909138 -1.4749774696343556 252
-2.0174 -2.58 0 253
-3.6435999999999997 -2.8053326905033646 -0.22087039918961576 253
Time 1.3107481792514468e-08 0.3565658940391701
-3.538377859369045 -4.3 -0.11494548831919887 254
-4.619005755477996 -3.0779703893398933 -0.19661222688771426 254
-2.0174 -2.58 0 255
-3.538377859369045 -4.3 -0.11494548831919887 255
Time 1.3110738536357695e-08 0.35715682748960653
-3.487969978063916 -4.3 -0.11328956910115213 256
-4.570184687255502 -3.034225961650481 -0.1966610780453627 256
-2.0174 -2.58 0 257
-3.487969978063916 -4.3 -0.11328956910115213 257
Time 1.3110344365611882e-08 0.357720944507722
-3.438980387282955 -4.3 -0.1117113492786776 258
-4.519931104630994 -2.992134999560485 -0.19665516548417555 258
-2.0174 -2.58 0 259
-3.438980387282955 -4.3 -0.1117113492786776 259
Time 1.3106299390040776e-08 0.35825957108398
-3.391323887756765 -4.3 -0.11020676454169313 260
-4.468300979665768 -2.9517443836660124 -0.1965944908506089 260
-2.0174 -2.58 0 261
-3.391323887756765 -4.3 -0.11020676454169313 261
Time 8.5563476859347e-09 1
-2.0174 -2.58 0 262
-4.507121024843428 -3.198842326375903 -0.0855634768593452 262
Time 2.216040094196249e-08 0.10293942345871594
-6.5 -3.536102284711789 -0.15471490345478298 263
-4.562002433491417 -3.019935134645151 -0.22160400941962033 263
-6.05358747091473 -3.6550000000000002 -0.13930717772899145 264
-6.5 -3.536102284711789 -0.15471490345478298 264
-2.0174 -2.58 0 265
-6.05358747091473 -3.6550000000000002 -0.13930717772899145 265
Time 1.8326597503210276e-08 0.11019917830345755
-5.59 -3.7778470827284614 -0.14067499943682277 266
-4.508354220573365 -3.0990094743211736 -0.1832659750320989 266
-4.758012360854341 -4.3 -0.10791458386601746 267
-5.59 -3.7778470827284614 -0.14067499943682277 267
-2.0174 -2.58 0 268
-4.758012360854341 -4.3 -0.10791458386601746 268
Time 1.832967415778611e-08 0.11040948543100432
-5.59 -3.693918640546413 -0.1421827508894692 269
-4.5569362688901665 -3.021301978154274 -0.18329674157785722 269
-4.65912702946361 -4.3 -0.1051357599922191 270
-5.59 -3.693918640546413 -0.1421827508894692 270
-2.0174 -2.58 0 271
-4.65912702946361 -4.3 -0.1051357599922191 271
Time 1.3108196097775852e-08 0.35587034736484296
-3.599041744229498 -4.3 -0.07793205025709093 272
-4.6777265372068975 -3.1269544284031516 -0.1310819609777558 272
-2.0174 -2.58 0 273
-3.599041744229498 -4.3 -0.07793205025709093 273
Time 1.3115708106282211e-08 0.35649354174939385
-3.546900173196325 -4.3 -0.0767656154184638 274
-4.6306113591218185 -3.0813121747501824 -0.13115708106281934 274
-2.0174 -2.58 0 275
-3.546900173196325 -4.3 -0.0767656154184638 275
Time 1.3119572894497402e-08 0.3570882970036984
-3.4962825572273872 -4.3 -0.07565431024461629 276
-4.582000410632352 -3.037266391620975 -0.13119572894497128 276
-2.0174 -2.58 0 277
-3.4962825572273872 -4.3 -0.07565431024461629 277
Time 1.3119789387699887e-08 0.35765605819505764
-3.4470960873833074 -4.3 -0.0745951692027433 278
-4.531947758971684 -2.9948660686711803 -0.13119789387699612 278
-2.0174 -2.58 0 279
-3.4470960873833074 -4.3 -0.0745951692027433 279
Time 1.3116357525687172e-08 0.35819816460822285
-3.399254679321355 -4.3 -0.07358545428309236 280
-4.480509074898631 -2.954158365403327 -0.13116357525686898 280
-2.0174 -2.58 0 281
-3.399254679321355 -4.3 -0.07358545428309236 281
Time 1.3109278262792534e-08 0.3587158588360567
-3.3526783510811864 -4.3 -0.07262263438021552 282
-4.4277415707781635 -2.915188558713949 -0.1310927826279226 282
-2.0174 -2.58 0 283
-3.3526783510811864 -4.3 -0.07262263438021552 283
Time 8.560826076375492e-09 1
-2.0174 -2.58 0 284
-4.510334654078187 -3.1959070520897424 -0.04280413038187566 284
Time 2.2169581201829996e-08 0.10285225855495879
-6.5 -3.5429076362020497 -0.07729608608229434 285
-4.5542431625324795 -3.0276278691995637 -0.11084790600914532 285
-6.076726086963344 -3.6550000000000002 -0.06999732714362684 286
-6.5 -3.5429076362020497 -0.07729608608229434 286
-2.0174 -2.58 0 287
-6.076726086963344 -3.6550000000000002 -0.06999732714362684 287
Time 2.2167487163811436e-08 0.10402607780586233
-6.5 -3.4625850457116276 -0.07764962776444359 288
-4.584116142360802 -2.920886064796173 -0.1108374358190525 288
-5.819465758886089 -3.6550000000000002 -0.0658611053659576 289
-6.5 -3.4625850457116276 -0.07764962776444359 289
-2.0174 -2.58 0 290
-5.819465758886089 -3.6550000000000002 -0.0658611053659576 290
Time 1.8325054466130494e-08 0.10993950311673668
-5.59 -3.8675248022383446 -0.06952508335164741 291
-4.454364753839466 -3.1833097484779183 -0.09162527233064861 291
-4.872193405466419 -4.3 -0.055556107447457356 292
-5.59 -3.8675248022383446 -0.06952508335164741 292
-2.0174 -2.58 0 293
-4.872193405466419 -4.3 -0.055556107447457356 293
Time 1.833369786552905e-08 0.11019479607196832
-5.59 -3.785524800242432 -0.07024023037700598 294
-4.500103262529998 -3.1038511647463216 -0.09166848932764142 294
-4.767429179409418 -4.3 -0.0540678170254734 295
-5.59 -3.785524800242432 -0.07024023037700598 295
-2.0174 -2.58 0 296
-4.767429179409418 -4.3 -0.0540678170254734 296
Time 1.8337247273996692e-08 0.11040870532431113
-5.59 -3.701796827961923 -0.07099017207288628 297
-4.5484648529675065 -3.025961279162765 -0.0916862363699796 297
-4.668104681159443 -4.3 -0.05267143856852546 298
-5.59 -3.701796827961923 -0.07099017207288628 298
-2.0174 -2.58 0 299
-4.668104681159443 -4.3 -0.05267143856852546 299
Time 1.3112718275488793e-08 0.3558242736970632
-3.6043018217999636 -4.3 -0.03900918377784973 300
-4.684540722377476 -3.129158248185859 -0.06556359137744122 300
-2.0174 -2.58 0 301
-3.6043018217999636 -4.3 -0.03900918377784973 301
Time 1.312059280534303e-08 0.35644988726396876
-3.552025189337801 -4.3 -0.03842362860628321 302
-4.637557562998916 -3.0833409123808346 -0.0656029640267124 302
-2.0174 -2.58 0 303
-3.552025189337801 -4.3 -0.03842362860628321 303
Time 1.3124821797824013e-08 0.3570469454889439
-3.5012808742241743 -4.3 -0.037865758001556914 304
-4.589073336446876 -3.039115068114026 -0.06562410898911729 304
-2.0174 -2.58 0 305
-3.5012808742241743 -4.3 -0.037865758001556914 305
Time 1.312540407791241e-08 0.3576169022401614
-3.4519754761034305 -4.3 -0.03733407971778204 306
-4.539141924061941 -2.996529864313797 -0.06562702038955928 306
-2.0174 -2.58 0 307
-3.4519754761034305 -4.3 -0.03733407971778204 307
Time 1.3122339483822563e-08 0.3581611048482865
-3.4040223741769178 -4.3 -0.03682721613010137 308
-4.487818815466776 -2.9556326266370254 -0.06561169741911006 308
-2.0174 -2.58 0 309
-3.4040223741769178 -4.3 -0.03682721613010137 309
Time 1.3115628867047423e-08 0.35868080327599666
-3.3573410990937926 -4.3 -0.03634389383093379 310
-4.4351610468995695 -2.9164688048753025 -0.06557814433523435 310
-2.0174 -2.58 0 311
-3.3573410990937926 -4.3 -0.03634389383093379 311
Time 9.139166025283626e-08 0.005692927029570159
-6.499999999999997 -2.0124301164061302 1.7659454528647305e-14 312
-4.643310556817808 -3.150776093478176 1.9183250284440074e-14 312
3.7958350044881017 4.3 9.209603241028315e-15 313
-6.499999999999997 -2.0124301164061302 1.7659454528647305e-14 313
6.5 2.642062343660367 6.990279401893377e-15 314
3.7958350044881017 4.3 9.209603241028315e-15 314
-2.0174 -2.58 0 315
6.5 2.642062343660367 6.990279401893377e-15 315
Time 8.318545382957274e-08 0.007138239487268618
-3.01669573860973 -4.299999999999999 1.6055672221980056e-14 316
-4.594916533983051 -3.058188189142113 1.7460754913771298e-14 316
6.5 3.188144373202858 7.583001918455789e-15 317
-3.01669573860973 -4.299999999999999 1.6055672221980056e-14 317
5.906672369995185 3.6550000000000002 7.054765067233662e-15 318
6.5 3.188144373202858 7.583001918455789e-15 318
-2.0174 -2.58 0 319
5.906672369995185 3.6550000000000002 7.054765067233662e-15 319
Time 8.140592953041561e-08 0.007380681884405645
-3.419236779544338 -4.3 1.5889529953135315e-14 320
-4.671743749319518 -3.1331689409021637 1.708723002185519e-14 320
5.59 4.092973090621453 7.274517206411266e-15 321
-3.419236779544338 -4.3 1.5889529953135315e-14 321
5.367771902019706 4.3 7.0620133125045844e-15 322
5.59 4.092973090621453 7.274517206411266e-15 322
-2.0174 -2.58 0 323
5.367771902019706 4.3 7.0620133125045844e-15 323
Time 1.0497509550794033e-07 0.006231273879505301
-3.9286226310326438 4.3 1.690108140090351e-14 324
-4.509116857747976 -3.0138004711427344 2.2034434271034317e-14 324
-3.2460431199495567 -4.3 1.0864980900580829e-14 325
-3.9286226310326438 4.3 1.690108140090351e-14 325
-2.5634636088664697 4.3 4.828880400258146e-15 326
-3.2460431199495567 -4.3 1.0864980900580829e-14 326
-2.0174 -2.58 0 327
-2.5634636088664697 4.3 4.828880400258146e-15 327
Time 5.6536795860987077e-08 0.05168527631848013
-4.2916262363478985 -4.3 1.0947181035711174e-14 328
-4.482747726411118 -2.999091313391194 1.1867160551424084e-14 328
-3.0281672161546216 4.3 4.8654137936494106e-15 329
-4.2916262363478985 -4.3 1.0947181035711174e-14 329
-2.0174 -2.58 0 330
-3.0281672161546216 4.3 4.8654137936494106e-15 330
Time 4.8046461651023485e-08 0.2822716886422373
-3.1456072447350594 4.299999999999999 4.8780349104881834e-15 331
-4.349896582544513 -3.0439615662765522 1.0085026320601628e-14 331
-2.0174 -2.58 0 332
-3.1456072447350594 4.299999999999999 4.8780349104881834e-15 332
Time 4.8051447563562054e-08 0.2819884346833663
-3.2636910336925853 4.3 4.8920840921528105e-15 333
-4.586894298935981 -3.004584738848483 1.0086072871324737e-14 333
-2.0174 -2.58 0 334
-3.2636910336925853 4.3 4.8920840921528105e-15 334
Time 5.986258108711963e-08 0.010290092972783972
-5.111003897671792 -4.3 1.1583869993519445e-14 335
-4.613566059870168 -2.9885443761849 1.2565247994071386e-14 335
-6.5 -0.6380213336685729 8.843567358517831e-15 336
-5.111003897671792 -4.3 1.1583869993519445e-14 336
-4.626998267701426 4.3 5.14838666378642e-15 337
-6.5 -0.6380213336685729 8.843567358517831e-15 337
-2.0174 -2.58 0 338
-4.626998267701426 4.3 5.14838666378642e-15 338
Time 5.1923078665245806e-08 0.06396114716652312
-6.5 1.385340308943856 7.536639820613463e-15 339
-4.500312520900893 -2.984056546952654 1.0898734204176681e-14 339
-5.166083973998747 4.3 5.29391358161924e-15 340
-6.5 1.385340308943856 7.536639820613463e-15 340
-2.0174 -2.58 0 341
-5.166083973998747 4.3 5.29391358161924e-15 341
Time 5.093818907625645e-08 0.014656466151592143
-3.6736 -1.7025820754303886 9.58855316270726e-15 342
-4.514720102245969 -3.0366570269395954 1.0692004362133617e-14 342
-6.5 2.7802847980128256 5.880646929422844e-15 343
-3.6736 -1.7025820754303886 9.58855316270726e-15 343
-5.948501345970682 3.6550000000000002 5.1571451968572924e-15 344
-6.5 2.7802847980128256 5.880646929422844e-15 344
-2.0174 -2.58 0 345
-5.948501345970682 3.6550000000000002 5.1571451968572924e-15 345
Time 5.0933891133270655e-08 0.015017833522179218
-3.6736 -1.2853130497936434 9.342887700613597e-15 346
-4.728316723359955 -2.897953570028982 1.0691102217279514e-14 346
-6.5 3.0361953376652098 5.729980627551034e-15 347
-3.6736 -1.2853130497936434 9.342887700613597e-15 347
-6.095282632633857 3.6550000000000002 5.212641878913758e-15 348
-6.5 3.0361953376652098 5.729980627551034e-15 348
-2.0174 -2.58 0 349
-6.095282632633857 3.6550000000000002 5.212641878913758e-15 349
Time 8.450100184587824e-08 0.016279812333669274
5.59 3.883683103510779 9.153982860828388e-15 350
-4.592306593926724 -2.957449849812594 1.7736890469118144e-14 350
4.970356103410328 4.3 8.631670331205488e-15 351
5.59 3.883683103510779 9.153982860828388e-15 351
-3.6435999999999997 -1.4874135309056549 1.3707625304590436e-15 352
4.970356103410328 4.3 8.631670331205488e-15 352
-2.0174 -2.58 0 353
-3.6435999999999997 -1.4874135309056549 1.3707625304590436e-15 353
Time 7.610135132422938e-08 0.08187250386776099
6.499999999999998 -2.875177981774088 8.237586549832782e-15 354
-4.5534289653374 -3.152389901574895 1.5973790884179624e-14 354
-3.6435999999999997 -2.620783907454759 1.1381640509896576e-15 355
6.499999999999998 -2.875177981774088 8.237586549832782e-15 355
-2.0174 -2.58 0 356
-3.6435999999999997 -2.620783907454759 1.1381640509896576e-15 356
Time 2.1465812643402082e-08 0.3195621259620687
-6.5 -2.8421149000004773 3.1417061328870702e-15 357
-4.553837413970821 -2.9559145278106116 4.505707143934951e-15 357
-2.0174 -2.58 0 358
-6.5 -2.8421149000004773 3.1417061328870702e-15 358
Time 7.073782549533322e-08 0.018531661602887727
4.396337024980132 -4.3 8.5188991192267e-15 359
-4.558731407370208 -3.0221334038554843 1.4847978549682942e-14 359
5.59 -4.129667181847315 7.675266506124197e-15 360
4.396337024980132 -4.3 8.5188991192267e-15 360
-3.6435999999999997 -2.8120548049798435 1.149332252183205e-15 361
5.59 -4.129667181847315 7.675266506124197e-15 361
-2.0174 -2.58 0 362
-3.6435999999999997 -2.8120548049798435 1.149332252183205e-15 362
Time 8.562314673317754e-09 1
-2.0174 -2.58 0 363
-4.511403805348687 -3.1949275971595306 1.797243040973104e-15 363
Time 2.2172630539082447e-08 0.10282296819979189
-6.5 -3.545173060171714 3.244057388207951e-15 364
-4.551662261024867 -3.030194467162775 4.6540693091571e-15 364
-6.084487637877626 -3.6550000000000002 2.9433511132258366e-15 365
-6.5 -3.545173060171714 3.244057388207951e-15 365
-2.0174 -2.58 0 366
-6.084487637877626 -3.6550000000000002 2.9433511132258366e-15 366
Time 2.2170711468294054e-08 0.10400099089072655
-6.5 -3.464882426444851 3.258865554042418e-15 367
-4.581438283852825 -2.923409588572206 4.653666493242109e-15 367
-5.826370091576976 -3.6550000000000002 2.769134303265516e-15 368
-6.5 -3.464882426444851 3.258865554042418e-15 368
-2.0174 -2.58 0 369
-5.826370091576976 -3.6550000000000002 2.769134303265516e-15 369
Time 2.2162634009099513e-08 0.10503321430712154
-6.5 -3.383832808761648 3.274723325152347e-15 370
-4.614756602801233 -2.817676379723207 4.651971022113096e-15 370
-5.597040798976198 -3.6550000000000002 2.6150745594240705e-15 371
-6.5 -3.383832808761648 3.274723325152347e-15 371
-2.0174 -2.58 0 372
-5.597040798976198 -3.6550000000000002 2.6150745594240705e-15 372
Time 1.8327254210148448e-08 0.10993672132112178
-5.59 -3.870015641355928 2.9173800167400474e-15 373
-4.451694200876275 -3.184985225560751 3.846918893553254e-15 373
-4.8755007928240826 -4.3 2.3339209927822498e-15 374
-5.59 -3.870015641355928 2.9173800167400474e-15 374
-2.0174 -2.58 0 375
-4.8755007928240826 -4.3 2.3339209927822498e-15 375
Time 1.8336054300600062e-08 0.11019326101692464
-5.59 -3.788078615452765 2.947349824646229e-15 376
-4.497357529865172 -3.105468724964483 3.848766046096407e-15 376
-4.770575825342316 -4.3 2.271335242132596e-15 377
-5.59 -3.788078615452765 2.947349824646229e-15 377
-2.0174 -2.58 0 378
-4.770575825342316 -4.3 2.271335242132596e-15 378
Time 1.8339761160535333e-08 0.11040837227196532
-5.59 -3.7044171826399026 2.978777781714191e-15 379
-4.545645551891361 -3.02751822522123 3.849544121707585e-15 379
-4.671104265695632 -4.3 2.2126169472916983e-15 380
-5.59 -3.7044171826399026 2.978777781714191e-15 380
-2.0174 -2.58 0 381
-4.671104265695632 -4.3 2.2126169472916983e-15 381
Time 1.3114217279730936e-08 0.3558088733880716
-3.6060572849665364 -4.3 1.6382232126885622e-15 382
-4.6868091470304085 -3.1298966552820637 2.7526944106894054e-15 382
-2.0174 -2.58 0 383
-3.6060572849665364 -4.3 1.6382232126885622e-15 383
Time 1.3122212544567909e-08 0.3564352951603224
-3.5537354775846235 -4.3 1.6136086334443924e-15 384
-4.639870096441918 -3.084021086741033 2.754372629096136e-15 384
-2.0174 -2.58 0 385
-3.5537354775846235 -4.3 1.6136086334443924e-15 385
Time 1.3126562834740309e-08 0.357033122700784
-3.5029487856550885 -4.3 1.5901579432706973e-15 386
-4.59142821823804 -3.0397353475556907 2.7552857617053503e-15 386
-2.0174 -2.58 0 387
-3.5029487856550885 -4.3 1.5901579432706973e-15 387
Time 1.3127266941862171e-08 0.3576038128243081
-3.4536036106641115 -4.3 1.5678083639457501e-15 388
-4.541537331744339 -2.997088639546929 2.755433554874972e-15 388
-2.0174 -2.58 0 389
-3.4536036106641115 -4.3 1.5678083639457501e-15 389
Time 1.3124324670352713e-08 0.3581487155551819
-3.405613152084838 -4.3 1.546501941172429e-15 390
-4.490252866146529 -2.9561283435585137 2.754815967552293e-15 390
-2.0174 -2.58 0 391
-3.405613152084838 -4.3 1.546501941172429e-15 391
Time 1.3117736837490655e-08 0.35866908332310254
-3.358896777289352 -4.3 1.526185106495692e-15 392
-4.437631798908176 -2.9168999668165636 2.7534331712853775e-15 392
-2.0174 -2.58 0 393
-3.358896777289352 -4.3 1.526185106495692e-15 393
Time 1.3107505273187217e-08 0.35916607920977384
-3.313379459272272 -4.3 1.5068082867847063e-15 394
-4.383732592468278 -2.8794470923706568 2.751285550175406e-15 394
-2.0174 -2.58 0 395
-3.313379459272272 -4.3 1.5068082867847063e-15 395
Time 5.937304187684719e-08 0.08707110087420641
-3.531990256382464 4.3 7.297962060988091e-15 396
-4.6038166255164175 -3.003129069298075 1.246249295965443e-14 396
-2.269831709397077 -4.3 1.216327010164682e-15 397
-3.531990256382464 4.3 7.297962060988091e-15 397
-2.0174 -2.58 0 398
-2.269831709397077 -4.3 1.216327010164682e-15 398
Time 6.789590577432437e-08 0.013435517536049588
-4.472779746938777 -4.3 1.3348800830527905e-14 399
-4.638814085112412 -3.020617581797005 1.4251455222001e-14 399
-3.356698043784787 4.3 7.281164089378857e-15 400
-4.472779746938777 -4.3 1.3348800830527905e-14 400
-2.2406163406307975 -4.3 1.2135273482298094e-15 401
-3.356698043784787 4.3 7.281164089378857e-15 401
-2.0174 -2.58 0 402
-2.2406163406307975 -4.3 1.2135273482298094e-15 402
Time 6.525963251736364e-08 0.2612192104711617
6.5 -2.8627563395097457 5.9626675422436916e-15 403
-4.5497105259071 -3.229579043732607 1.3698097403940303e-14 403
-2.0174 -2.58 0 404
6.5 -2.8627563395097457 5.9626675422436916e-15 404
Time 6.526277388017848e-08 0.26126531874106496
6.5 -2.720708667117243 5.960197753794905e-15 405
-4.558761031031535 -2.90340098221863 1.3698756780834704e-14 405
-2.0174 -2.58 0 406
6.5 -2.720708667117243 5.960197753794905e-15 406
Time 8.560826076375492e-09 1
-2.0174 -2.58 0 407
-4.510334654078187 -3.1959070520897424 0.04280413038187925 407
Time 2.2169581201829996e-08 0.10285225855495879
-6.5 -3.5429076362020497 0.07729608608230083 408
-4.55424316253248 -3.027627869199564 0.11084790600915462 408
-6.076726086963344 -3.6550000000000002 0.06999732714363271 409
-6.5 -3.5429076362020497 0.07729608608230083 409
-2.0174 -2.58 0 410
-6.076726086963344 -3.6550000000000002 0.06999732714363271 410
Time 2.2167487163811436e-08 0.10402607780586233
-6.5 -3.4625850457116276 0.07764962776445011 411
-4.584116142360802 -2.920886064796173 0.11083743581906182 411
-5.819465758886089 -3.6550000000000002 0.06586110536596314 412
-6.5 -3.4625850457116276 0.07764962776445011 412
-2.0174 -2.58 0 413
-5.819465758886089 -3.6550000000000002 0.06586110536596314 413
Time 1.8325054466130494e-08 0.10993950311673668
-5.59 -3.8675248022383446 0.06952508335165325 414
-4.454364753839466 -3.1833097484779183 0.09162527233065632 414
-4.872193405466419 -4.3 0.05555610744746202 415
-5.59 -3.8675248022383446 0.06952508335165325 415
-2.0174 -2.58 0 416
-4.872193405466419 -4.3 0.05555610744746202 416
Time 1.833369786552905e-08 0.11019479607196832
-5.59 -3.785524800242432 0.07024023037701188 417
-4.500103262529998 -3.1038511647463216 0.09166848932764911 417
-4.767429179409418 -4.3 0.054067817025477936 418
-5.59 -3.785524800242432 0.07024023037701188 418
-2.0174 -2.58 0 419
-4.767429179409418 -4.3 0.054067817025477936 419
Time 1.8337247273996692e-08 0.11040870532431113
-5.59 -3.701796827961923 0.07099017207289224 420
-4.5484648529675065 -3.025961279162765 0.09168623636998731 420
-4.668104681159443 -4.3 0.05267143856852988 421
-5.59 -3.701796827961923 0.07099017207289224 421
-2.0174 -2.58 0 422
-4.668104681159443 -4.3 0.05267143856852988 422
Time 1.3112718275488793e-08 0.3558242736970632
-3.6043018217999636 -4.3 0.03900918377785301 423
-4.684540722377476 -3.129158248185859 0.06556359137744672 423
-2.0174 -2.58 0 424
-3.6043018217999636 -4.3 0.03900918377785301 424
Time 1.312059280534303e-08 0.35644988726396876
-3.552025189337801 -4.3 0.03842362860628644 425
-4.637557562998916 -3.0833409123808346 0.0656029640267179 425
-2.0174 -2.58 0 426
-3.552025189337801 -4.3 0.03842362860628644 426
Time 1.3124821797824012e-08 0.3570469454889439
-3.5012808742241743 -4.3 0.0378657580015601 427
-4.589073336446876 -3.0391150681140267 0.0656241089891228 427
-2.0174 -2.58 0 428
-3.5012808742241743 -4.3 0.0378657580015601 428
Time 1.312540407791241e-08 0.3576169022401614
-3.4519754761034305 -4.3 0.03733407971778517 429
-4.539141924061941 -2.996529864313797 0.06562702038956479 429
-2.0174 -2.58 0 430
-3.4519754761034305 -4.3 0.03733407971778517 430
Time 1.3122339483822563e-08 0.3581611048482865
-3.4040223741769178 -4.3 0.03682721613010446 431
-4.487818815466776 -2.9556326266370254 0.06561169741911557 431
-2.0174 -2.58 0 432
-3.4040223741769178 -4.3 0.03682721613010446 432
Time 1.3115628867047423e-08 0.35868080327599666
-3.3573410990937926 -4.3 0.03634389383093684 433
-4.4351610468995695 -2.9164688048753025 0.06557814433523985 433
-2.0174 -2.58 0 434
-3.3573410990937926 -4.3 0.03634389383093684 434
Time 8.556347685934701e-09 1
-2.0174 -2.58 0 435
-4.507121024843428 -3.1988423263759036 0.08556347685934881 435
Time 2.216040094196249e-08 0.10293942345871594
-6.5 -3.536102284711789 0.1547149034547895 436
-4.562002433491417 -3.0199351346451513 0.22160400941962963 436
-6.05358747091473 -3.6550000000000002 0.1393071777289973 437
-6.5 -3.536102284711789 0.1547149034547895 437
-2.0174 -2.58 0 438
-6.05358747091473 -3.6550000000000002 0.1393071777289973 438
Time 1.8326597503210273e-08 0.11019917830345755
-5.59 -3.7778470827284614 0.1406749994368287 439
-4.5083542205733655 -3.099009474321174 0.18326597503210665 439
-4.758012360854341 -4.3 0.10791458386602201 440
-5.59 -3.7778470827284614 0.1406749994368287 440
-2.0174 -2.58 0 441
-4.758012360854341 -4.3 0.10791458386602201 441
Time 1.832967415778611e-08 0.11040948543100429
-5.59 -3.6939186405464124 0.14218275088947524 442
-4.556936268890167 -3.021301978154274 0.18329674157786496 442
-4.659127029463609 -4.3 0.10513575999222353 443
-5.59 -3.6939186405464124 0.14218275088947524 443
-2.0174 -2.58 0 444
-4.659127029463609 -4.3 0.10513575999222353 444
Time 1.3108196097775852e-08 0.35587034736484296
-3.5990417442294977 -4.3 0.07793205025709422 445
-4.6777265372068975 -3.1269544284031516 0.1310819609777613 445
-2.0174 -2.58 0 446
-3.5990417442294977 -4.3 0.07793205025709422 446
Time 1.311570810628221e-08 0.35649354174939385
-3.546900173196325 -4.3 0.07676561541846703 447
-4.6306113591218185 -3.0813121747501824 0.13115708106282487 447
-2.0174 -2.58 0 448
-3.546900173196325 -4.3 0.07676561541846703 448
Time 1.3119572894497402e-08 0.3570882970036984
-3.496282557227387 -4.3 0.07565431024461948 449
-4.582000410632351 -3.037266391620975 0.1311957289449768 449
-2.0174 -2.58 0 450
-3.496282557227387 -4.3 0.07565431024461948 450
Time 1.311978938769989e-08 0.35765605819505764
-3.4470960873833074 -4.3 0.07459516920274645 451
-4.531947758971684 -2.9948660686711808 0.13119789387700165 451
-2.0174 -2.58 0 452
-3.4470960873833074 -4.3 0.07459516920274645 452
Time 1.3116357525687169e-08 0.35819816460822285
-3.399254679321355 -4.3 0.07358545428309547 453
-4.48050907489863 -2.954158365403328 0.1311635752568745 453
-2.0174 -2.58 0 454
-3.399254679321355 -4.3 0.07358545428309547 454
Time 1.3109278262792534e-08 0.3587158588360567
-3.352678351081187 -4.3 0.07262263438021858 455
-4.4277415707781635 -2.9151885587139494 0.13109278262792812 455
-2.0174 -2.58 0 456
-3.352678351081187 -4.3 0.07262263438021858 456
Time 1.3107481792514465e-08 0.3565658940391701
-3.538377859369045 -4.3 0.1149454883192021 457
-4.619005755477996 -3.0779703893398933 0.19661222688771973 457
-2.0174 -2.58 0 458
-3.538377859369045 -4.3 0.1149454883192021 458
Time 1.3110738536357693e-08 0.35715682748960653
-3.487969978063916 -4.3 0.1132895691011553 459
-4.570184687255501 -3.034225961650482 0.19666107804536817 459
-2.0174 -2.58 0 460
-3.487969978063916 -4.3 0.1132895691011553 460
Time 1.311034436561188e-08 0.357720944507722
-3.438980387282955 -4.3 0.11171134927868072 461
-4.519931104630993 -2.9921349995604856 0.196655165484181 461
-2.0174 -2.58 0 462
-3.438980387282955 -4.3 0.11171134927868072 462
Time 1.3106299390040773e-08 0.35825957108398
-3.391323887756765 -4.3 0.11020676454169623 463
-4.468300979665768 -2.951744383666013 0.1965944908506144 463
-2.0174 -2.58 0 464
-3.391323887756765 -4.3 0.11020676454169623 464
Time 7.87770971173057e-08 0.012343841691308756
5.6767659750812225 3.6550000000000002 1.4891183899483558 465
-4.463359546556097 -3.1136714262374126 -0.1510838846922442 465
5.744038709369657 3.6100945367124546 1.5 466
5.6767659750812225 3.6550000000000002 1.4891183899483558 466
6.5 3.10548011391141 1.3777205049595953 467
5.744038709369657 3.6100945367124546 1.5 467
-2.0174 -2.58 0 468
6.5 3.10548011391141 1.3777205049595953 468
Time 7.675661399192701e-08 0.018548964218280693
6.5 -2.8150680120773073 1.41623937426027 469
-4.547031803486211 -3.0357008015384954 -0.070264559677097 469
5.8775285249492715 -2.8026359289310343 1.5 470
6.5 -2.8150680120773073 1.41623937426027 470
-3.6435999999999997 -2.612478682835742 0.2188237293393217 471
5.8775285249492715 -2.8026359289310343 1.5 471
-2.0174 -2.58 0 472
-3.6435999999999997 -2.612478682835742 0.2188237293393217 472
Time 7.143881839253104e-08 0.004103837107598566
4.036758670969077 -4.3 1.3140613740620541 473
-4.589471336707989 -3.1047155229795016 0.14244726429874333 473
5.405766897556737 -4.110304816739492 1.5 474
4.036758670969077 -4.3 1.3140613740620541 474
5.59 -4.084776750909138 1.4749774696343714 475
5.405766897556737 -4.110304816739492 1.5 475
-3.6435999999999997 -2.8053326905033646 0.2208703991896181 476
5.59 -4.084776750909138 1.4749774696343714 476
-2.0174 -2.58 0 477
-3.6435999999999997 -2.8053326905033646 0.2208703991896181 477
Time 6.602229403527104e-08 0.0630796451352723
5.131280124301741 -2.7009702580096517 1.5 478
-4.563729399038715 -2.819602018315076 0.028996768412790308 478
6.5 -2.6842220900137157 1.2923270363538477 479
5.131280124301741 -2.7009702580096517 1.5 479
-2.0174 -2.58 0 480
6.5 -2.6842220900137157 1.2923270363538477 480
Time 5.741299012607565e-08 0.012956088249641241
-4.409541177230185 -4.3 0.3523447601871128 481
-4.611015205698045 -2.9962232871666474 0.12935049369620538 481
-3.3726413138573363 2.409975998823403 1.5 482
-4.409541177230185 -4.3 0.3523447601871128 482
-3.0805738565467493 4.3 1.176735662139061 483
-3.3726413138573363 2.409975998823403 1.5 483
-2.0174 -2.58 0 484
-3.0805738565467493 4.3 1.176735662139061 484
Time 6.020859971072802e-08 0.022011040692568005
-3.5618763455945484 4.3 1.2361745536468431 485
-4.6534533080769425 -2.9937823133068413 -0.010429985536412723 485
-3.3308601970857183 2.756378655839259 1.5 486
-3.5618763455945484 4.3 1.2361745536468431 486
-2.274812724265758 -4.3 0.2939709077255261 487
-3.3308601970857183 2.756378655839259 1.5 487
-2.0174 -2.58 0 488
-2.274812724265758 -4.3 0.2939709077255261 488
Time 6.020566936998703e-08 0.022043418624568992
-3.383962581338337 4.3 1.240374282583976 489
-4.355249865773479 -3.034962124862231 -0.01028346849936379 489
-3.1823317532240103 2.7773253895902803 1.5 490
-3.383962581338337 4.3 1.240374282583976 490
-2.245160430223056 -4.3 0.29327095290267063 491
-3.1823317532240103 2.7773253895902803 1.5 491
-2.0174 -2.58 0 492
-2.245160430223056 -4.3 0.29327095290267063 492
Time 5.7410299843349256e-08 0.013477548929234435
-4.223505778914758 -4.3 0.08389936836340195 493
-4.406180966053579 -3.0181884368663274 -0.15756649138422063 493
-3.1521889138225463 3.2173118307072004 1.5 494
-4.223505778914758 -4.3 0.08389936836340195 494
-2.997891457295448 4.3 1.2960447251718215 495
-3.1521889138225463 3.2173118307072004 1.5 495
-2.0174 -2.58 0 496
-2.997891457295448 4.3 1.2960447251718215 496
Time 5.7410542988628034e-08 0.01343787387190102
-4.491958751278072 -4.3 0.076415653114563 497
-4.690015515461871 -3.06102407834055 -0.15757986437455362 497
-3.2870189630620428 3.2376945129916255 1.5 498
-4.491958751278072 -4.3 0.076415653114563 498
-3.117203889456921 4.3 1.299370820837972 499
-3.2870189630620428 3.2376945129916255 1.5 499
-2.0174 -2.58 0 500
-3.117203889456921 4.3 1.299370820837972 500
Time 5.2872856851080197e-08 0.016436165120708276
-6.5 0.9455976967052226 0.9162932482492249 501
-4.726713591951811 -3.1030630133580663 0.09199287319057803 501
-5.244293608877753 3.812550889397743 1.5 502
-6.5 0.9455976967052226 0.9162932482492249 502
-5.030794147118053 4.3 1.4007561973042777 503
-5.244293608877753 3.812550889397743 1.5 503
-2.0174 -2.58 0 504
-5.030794147118053 4.3 1.4007561973042777 504
Time 5.287623185648588e-08 0.016737829159575796
-6.5 1.4001998327839669 0.9936632806306971 505
-4.485054147032892 -2.995857765435586 0.09180724789326611 505
-5.3687317755125745 3.868315919655048 1.5 506
-6.5 1.4001998327839669 0.9936632806306971 506
-5.170868115164888 4.3 1.411439537950212 507
-5.3687317755125745 3.868315919655048 1.5 507
-2.0174 -2.58 0 508
-5.170868115164888 4.3 1.411439537950212 508
Time 4.9076836451844767e-08 0.07703732326745032
-3.2190309390706204 3.9304425592821266 1.5 509
-4.376289802889827 -3.051413794654665 0.055389812889304 509
-3.1577759372085508 4.3 1.4235351722350216 510
-3.2190309390706204 3.9304425592821266 1.5 510
-2.0174 -2.58 0 511
-3.1577759372085508 4.3 1.4235351722350216 511
Time 4.907578780238661e-08 0.07915918958383952
-3.202427129109632 4.3 1.4505772935846213 512
-4.457114533474267 -2.984431832809191 -0.1899262071551393 512
-3.1646277295953826 4.080545219371111 1.5 513
-3.202427129109632 4.3 1.4505772935846213 513
-2.0174 -2.58 0 514
-3.1646277295953826 4.080545219371111 1.5 514
Time 6.265103025886378e-08 0.005227480640607003
-3.951031474010995 1.2802051179765797 -1.5 515
-4.574884528630372 -3.0236510702367343 -0.04815212540792713 515
-3.513305820762262 4.3 -0.4813128995395648 516
-3.951031474010995 1.2802051179765797 -1.5 516
-2.6619438246703315 -1.5734017059921932 1.5 517
-3.513305820762262 4.3 -0.4813128995395648 517
-2.26671763679371 -4.3 0.5802188165899275 518
-2.6619438246703315 -1.5734017059921932 1.5 518
-2.0174 -2.58 0 519
-2.26671763679371 -4.3 0.5802188165899275 519
Time 5.5639054347091335e-08 0.004049717002807661
-6.05057270617852 0.19222364525110702 -1.5 520
-4.579622191680327 -3.084821334296399 -0.15789929355539845 520
-6.5 1.1934765374272525 -1.0899408698061708 521
-6.05057270617852 0.19222364525110702 -1.5 521
-5.10559061163602 4.3 0.18232342919692246 522
-6.5 1.1934765374272525 -1.0899408698061708 522
-3.6614090979404934 1.082592118249631 1.5 523
-5.10559061163602 4.3 0.18232342919692246 523
-2.0174 -2.58 0 524
-3.6614090979404934 1.082592118249631 1.5 524
Time 5.563912008795855e-08 0.004162041773220189
-6.350823977778407 0.7436938723168807 -1.5 525
-4.683072521044306 -3.014079531203244 0.12030320967545349 525
-6.5 1.0798169118044165 -1.3550680998440872 526
-6.350823977778407 0.7436938723168807 -1.5 526
-5.0708385100448385 4.3 0.033433130341378625 527
-6.5 1.0798169118044165 -1.3550680998440872 527
-3.561325340740531 0.8987687092277064 1.5 528
-5.0708385100448385 4.3 0.033433130341378625 528
-2.0174 -2.58 0 529
-3.561325340740531 0.8987687092277064 1.5 529
Time 5.5637862496981e-08 0.00424461046544967
-6.164617446755238 0.8283393203132768 -1.5 530
-4.429967202415227 -2.8986377969555064 0.12016487466792469 530
-6.5 1.5489244097587784 -1.1867523962732045 531
-6.164617446755238 0.8283393203132768 -1.5 531
-5.219564463463376 4.3 0.009175536370367388 532
-6.5 1.5489244097587784 -1.1867523962732045 532
-3.623394184414921 0.870553559895574 1.5 533
-5.219564463463376 4.3 0.009175536370367388 533
-2.0174 -2.58 0 534
-3.623394184414921 0.870553559895574 1.5 534
Time 5.20474288449329e-08 0.020040102056929698
-3.954043082432434 0.511982520819279 -1.5 535
-4.593330821901643 -3.009540283639646 -0.014545682832705298 535
-3.266376619426987 4.3 0.09786752220641692 536
-3.954043082432434 0.511982520819279 -1.5 536
-2.662947694144145 0.9760058263935734 1.5 537
-3.266376619426987 4.3 0.09786752220641692 537
-2.0174 -2.58 0 538
-2.662947694144145 0.9760058263935734 1.5 538
Time 2.4317271601263676e-08 0.03225396423797872
-6.5 -3.629304306751405 0.985517494355006 539
-4.489343213244803 -3.1355905545133056 0.08192740784835328 539
-6.395353897300898 -3.6550000000000002 1.0325455011303755 540
-6.5 -3.629304306751405 0.985517494355006 540
-5.3551802890609626 -3.3995869337392257 1.5 541
-6.395353897300898 -3.6550000000000002 1.0325455011303755 541
-2.0174 -2.58 0 542
-5.3551802890609626 -3.3995869337392257 1.5 542
Time 2.432158422092566e-08 0.032765981326808406
-6.5 -3.5424768475366384 0.9761463445699801 543
-4.518263027637836 -3.017478289384514 0.08140989348891425 543
-6.0752535163748504 -3.6550000000000002 1.1679155685729707 544
-6.5 -3.5424768475366384 0.9761463445699801 544
-5.339725199729589 -3.4601450262551534 1.5 545
-6.0752535163748504 -3.6550000000000002 1.1679155685729707 545
-2.0174 -2.58 0 546
-5.339725199729589 -3.4601450262551534 1.5 546
Time 2.4319176925171403e-08 0.03320831622947132
-6.5 -3.4548086638904847 0.9660118601418552 547
-4.551108664418679 -2.9003961920767596 0.08169876897942563 547
-5.796279971614043 -3.6550000000000002 1.2853261401395517 548
-6.5 -3.4548086638904847 0.9660118601418552 548
-5.323171488160664 -3.5204120735422166 1.5 549
-5.796279971614043 -3.6550000000000002 1.2853261401395517 549
-2.0174 -2.58 0 550
-5.323171488160664 -3.5204120735422166 1.5 550
Time 2.4321703395484182e-08 0.03264193740231444
-6.5 -3.5844885099455053 0.8793779980444572 551
-4.556156040394038 -3.087746531941299 -0.04021292443552893 551
-6.224075395085524 -3.6550000000000002 1.0099120158159576 552
-6.5 -3.5844885099455053 0.8793779980444572 552
-5.188120662993933 -3.390265683133172 1.5 553
-6.224075395085524 -3.6550000000000002 1.0099120158159576 553
-2.0174 -2.58 0 554
-5.188120662993933 -3.390265683133172 1.5 554
Time 2.432251223448197e-08 0.03312563565793578
-6.5 -3.4965157072630135 0.8690364815659466 555
-4.587130744007717 -2.9701483799694857 -0.04031402931025152 555
-5.924052908654024 -3.6550000000000002 1.1428334387351076 556
-6.5 -3.4965157072630135 0.8690364815659466 556
-5.1727332292338275 -3.448258148532325 1.5 557
-5.924052908654024 -3.6550000000000002 1.1428334387351076 557
-2.0174 -2.58 0 558
-5.1727332292338275 -3.448258148532325 1.5 558
Time 2.431654618911517e-08 0.03354389577315254
-6.5 -3.407650659745616 0.8578700550173317 559
-4.622029402810472 -2.853656732067326 -0.03956827363940196 559
-5.661516462502258 -3.6550000000000002 1.258561772781333 560
-6.5 -3.407650659745616 0.8578700550173317 560
-5.156285208971019 -3.5059587706279998 1.5 561
-5.661516462502258 -3.6550000000000002 1.258561772781333 561
-2.0174 -2.58 0 562
-5.156285208971019 -3.5059587706279998 1.5 562
Time 2.4312588893076128e-08 0.032505143222998405
-6.5 -3.620400673901004 0.779614910977669 563
-4.6017836738501305 -3.150526146553927 -0.1606365560999019 563
-6.360224375120499 -3.6550000000000002 0.848850558434775 564
-6.5 -3.620400673901004 0.779614910977669 564
-5.045658491395578 -3.3295992462646895 1.5 565
-6.360224375120499 -3.6550000000000002 0.848850558434775 565
-2.0174 -2.58 0 566
-5.045658491395578 -3.3295992462646895 1.5 566
Time 2.4316152633950358e-08 0.0330292266151953
-6.5 -3.532009076676216 0.7690212538776484 567
-4.6311517048373165 -3.032552668637573 -0.16109984241355257 567
-6.039796919861814 -3.6550000000000002 0.9980631694374427 568
-6.5 -3.532009076676216 0.7690212538776484 568
-5.03127900341353 -3.3854699705718874 1.5 569
-6.039796919861814 -3.6550000000000002 0.9980631694374427 569
-2.0174 -2.58 0 570
-5.03127900341353 -3.3854699705718874 1.5 570
Time 2.431288250006354e-08 0.03348119875998633
-6.5 -3.4427393119584226 0.7575554611164226 571
-4.66447695318621 -2.9156352517795767 -0.16067472500826618 571
-5.7608492055616605 -3.6550000000000002 1.1273195851515165 572
-6.5 -3.4427393119584226 0.7575554611164226 572
-5.015868806433696 -3.441065234203598 1.5 573
-5.7608492055616605 -3.6550000000000002 1.1273195851515165 573
-2.0174 -2.58 0 574
-5.015868806433696 -3.441065234203598 1.5 574
Time 2.0877701538601905e-08 0.03574685984743355
-5.59 -3.7181573691791723 0.8584437361074151 575
-4.460721978141822 -2.9905583396874387 0.18151029228873738 575
-4.686944788910597 -4.3 1.399770373276242 576
-5.59 -3.7181573691791723 0.8584437361074151 576
-4.519739112146151 -4.19226861252543 1.5 577
-4.686944788910597 -4.3 1.399770373276242 577
-2.0174 -2.58 0 578
-4.519739112146151 -4.19226861252543 1.5 578
Time 2.0881189701575325e-08 0.03571342448952877
-5.59 -3.8201648652313858 0.7862329980787834 579
-4.444840923803225 -3.115031021331472 0.07663344177944875 579
-4.810732965220749 -4.3 1.269106996645457 580
-5.59 -3.8201648652313858 0.7862329980787834 580
-4.438115457114177 -4.070560072170753 1.5 581
-4.810732965220749 -4.3 1.269106996645457 581
-2.0174 -2.58 0 582
-4.438115457114177 -4.070560072170753 1.5 582
Time 2.0886546055807607e-08 0.035808127770110436
-5.59 -3.7262140593533877 0.759843108206101 583
-4.499221975128114 -3.025880605337429 0.0758835521869291 583
-4.696321293879662 -4.3 1.320213850120933 584
-5.59 -3.7262140593533877 0.759843108206101 584
-4.4095985195013006 -4.115909794342418 1.5 585
-4.696321293879662 -4.3 1.320213850120933 585
-2.0174 -2.58 0 586
-4.4095985195013006 -4.115909794342418 1.5 586
Time 2.0882863358662584e-08 0.03575558678537913
-5.59 -3.8207458672897077 0.6837746012629711 587
-4.4921188529593845 -3.1449020421053078 -0.028015187006080744 587
-4.811470911862855 -4.3 1.1885187225188723 588
-5.59 -3.8207458672897077 0.6837746012629711 588
-4.331034935063769 -4.004248780306193 1.5 589
-4.811470911862855 -4.3 1.1885187225188723 589
-2.0174 -2.58 0 590
-4.331034935063769 -4.004248780306193 1.5 590
Time 2.0888226158026693e-08 0.035852386691516185
-5.59 -3.7258319184267616 0.6558791506481031 591
-4.546513276077122 -3.0557502032699313 -0.028792792913875598 591
-4.695875064384175 -4.3 1.242549055899874 592
-5.59 -3.7258319184267616 0.6558791506481031 592
-4.3035022721937 -4.0480352863681475 1.5 593
-4.695875064384175 -4.3 1.242549055899874 593
-2.0174 -2.58 0 594
-4.3035022721937 -4.0480352863681475 1.5 594
Time 2.0877682424054357e-08 0.035783882921400514
-5.59 -3.8126303055498525 0.5754071319101136 595
-4.548158795674997 -3.168917407140723 -0.13165236360815913 595
-4.801198298694446 -4.3 1.1107379776030581 596
-5.59 -3.8126303055498525 0.5754071319101136 596
-4.2276267438499 -3.945612588097603 1.5 597
-4.801198298694446 -4.3 1.1107379776030581 597
-2.0174 -2.58 0 598
-4.2276267438499 -3.945612588097603 1.5 598
Time 2.0882510659318212e-08 0.03588099245608869
-5.59 -3.7164730805081825 0.5457718777027848 599
-4.602824755167719 -3.079966124586141 -0.1323765988977369 599
-4.684992875951988 -4.3 1.1674742610420772 600
-5.59 -3.7164730805081825 0.5457718777027848 600
-4.200937850989965 -3.987892912580389 1.5 601
-4.684992875951988 -4.3 1.1674742610420772 601
-2.0174 -2.58 0 602
-4.200937850989965 -3.987892912580389 1.5 602
Time 5.6643046544081e-08 0.004781892673804137
-3.9483451518939345 -0.5577747921135625 1.5 603
-4.350725143739646 -3.0037509093041157 -0.06288744705297677 603
-3.1759670911363607 4.137335124731862 -1.5 604
-3.9483451518939345 -0.5577747921135625 1.5 604
-3.1492075938853588 4.3 -1.3960632158890354 605
-3.1759670911363607 4.137335124731862 -1.5 605
-2.403589030378787 -0.23244504157728763 1.5 606
-3.1492075938853588 4.3 -1.3960632158890354 606
-2.0174 -2.58 0 607
-2.403589030378787 -0.23244504157728763 1.5 607
Time 5.664640865437171e-08 0.004775104336773763
-4.1792219676494 -0.5174540832690493 1.5 608
-4.629868279839276 -2.9558669699543216 -0.06342538469949055 608
-3.31449318058964 4.161527550038571 -1.5 609
-4.1792219676494 -0.5174540832690493 1.5 609
-3.2889019038802045 4.3 -1.4112162896885265 610
-3.31449318058964 4.161527550038571 -1.5 610
-2.44976439352988 -0.2405091833461901 1.5 611
-3.2889019038802045 4.3 -1.4112162896885265 611
-2.0174 -2.58 0 612
-2.44976439352988 -0.2405091833461901 1.5 612
Time 1.6495311841322492e-08 0.12234627884912751
-3.499002528381825 -4.3 1.369618202437282 613
-4.640657791052309 -2.9746465302418947 0.11332042776855866 613
-3.380518624051766 -4.162451425707083 1.5 614
-3.499002528381825 -4.3 1.369618202437282 614
-2.0174 -2.58 0 615
-3.380518624051766 -4.162451425707083 1.5 615
Time 1.6490812331334273e-08 0.12291778769565052
-3.3801731338461574 -4.3 1.423989112706881 616
-4.512824575925389 -2.8704440218321725 0.11410784201649737 616
-3.3144466874630463 -4.217044528563686 1.5 617
-3.3801731338461574 -4.3 1.423989112706881 617
-2.0174 -2.58 0 618
-3.3144466874630463 -4.217044528563686 1.5 618
Time 1.6487082749036758e-08 0.12183833276783987
-3.632825137702776 -4.3 1.2302545137135792 619
-4.726296088607671 -3.135742993184457 0.03232510517337861 619
-3.3866012356188016 -4.037836745448518 1.5 620
-3.632825137702776 -4.3 1.2302545137135792 620
-2.0174 -2.58 0 621
-3.3866012356188016 -4.037836745448518 1.5 621
Time 1.6496444300224403e-08 0.12217987217748752
-3.566668197037727 -4.3 1.2638460696633742 622
-4.667127592095242 -3.0782682410198383 0.03064002595960269 622
-3.3559347087893325 -4.06604334841425 1.5 623
-3.566668197037727 -4.3 1.2638460696633742 623
-2.0174 -2.58 0 624
-3.3559347087893325 -4.06604334841425 1.5 624
Time 1.6501250267792252e-08 0.12250218040325916
-3.5029487856550254 -4.3 1.2954601656339486 625
-4.606024873715892 -3.022835029192182 0.02977495179738998 625
-3.3246872417272026 -4.093604990615868 1.5 626
-3.5029487856550254 -4.3 1.2954601656339486 626
-2.0174 -2.58 0 627
-3.3246872417272026 -4.093604990615868 1.5 627
Time 1.6501498565892316e-08 0.1228064598106575
-3.441482241927678 -4.3 1.3252296410036524 628
-4.54306471002849 -2.9695137476269293 0.029730258139377685 628
-3.2928723962105755 -4.120509709967721 1.5 629
-3.441482241927678 -4.3 1.3252296410036524 629
-2.0174 -2.58 0 630
-3.2928723962105755 -4.120509709967721 1.5 630
Time 1.6488323700761996e-08 0.12336521391380617
-3.324650283983822 -4.3 1.3797043143151644 631
-4.411892490179697 -2.8694731777315505 0.032101733862835546 631
-3.2275960421791456 -4.17230196240974 1.5 632
-3.324650283983822 -4.3 1.3797043143151644 632
-2.0174 -2.58 0 633
-3.2275960421791456 -4.17230196240974 1.5 633
Time 1.6486671102390112e-08 0.12197082245868965
-3.6304820970857334 -4.3 1.152832502230587 634
-4.6809134578566125 -3.179944211277248 -0.050034153942175585 634
-3.327309983014788 -3.9767331079155164 1.5 635
-3.6304820970857334 -4.3 1.152832502230587 635
-2.0174 -2.58 0 636
-3.327309983014788 -3.9767331079155164 1.5 636
Time 1.6495837375739152e-08 0.12232301585371921
-3.5633615502910145 -4.3 1.1883939521475688 637
-4.621640096957522 -3.122584494469641 -0.05172991451174824 637
-3.2974477941578484 -4.004150688312429 1.5 638
-3.5633615502910145 -4.3 1.1883939521475688 638
-2.0174 -2.58 0 639
-3.2974477941578484 -4.004150688312429 1.5 639
Time 1.6500373983066262e-08 0.12265508795710584
-3.4987481689390125 -4.3 1.2218300706127776 640
-4.56041779643961 -3.0672906359286785 -0.05256918686726353 640
-3.2670118715573224 -4.030929946211101 1.5 641
-3.4987481689390125 -4.3 1.2218300706127776 641
-2.0174 -2.58 0 642
-3.2670118715573224 -4.030929946211101 1.5 642
Time 1.650027889100619e-08 0.1229683127726467
-3.4364492363460264 -4.3 1.2532856089769373 643
-4.497325185148309 -3.014134375887869 -0.052551594836150795 643
-3.2360158569818154 -4.05705887880667 1.5 644
-3.4364492363460264 -4.3 1.2532856089769373 644
-2.0174 -2.58 0 645
-3.2360158569818154 -4.05705887880667 1.5 645
Time 1.649555214218042e-08 0.12326384856479916
-3.3762896115106504 -4.3 1.2828913531413035 646
-4.432443672037014 -2.9631842875847116 -0.05167714630338249 646
-3.2044736432403007 -4.082525774778369 1.5 647
-3.3762896115106504 -4.3 1.2828913531413035 647
-2.0174 -2.58 0 648
-3.2044736432403007 -4.082525774778369 1.5 648
Time 1.648619585517803e-08 0.1235427501267654
-3.3181096928191214 -4.3 1.3107657083112851 649
-4.365857314434969 -2.91450566630792 -0.04994623320794056 649
-3.17239936795518 -4.10731921953869 1.5 650
-3.3181096928191214 -4.3 1.3107657083112851 650
-2.0174 -2.58 0 651
-3.17239936795518 -4.10731921953869 1.5 651
Time 1.648860003576538e-08 0.12247054880979834
-3.5508814279335543 -4.3 1.114159060912114 652
-4.564880366261983 -3.162667560131372 -0.132834006795427 652
-3.2371328492682245 -3.948089930876065 1.5 653
-3.5508814279335543 -4.3 1.114159060912114 653
-2.0174 -2.58 0 654
-3.2371328492682245 -3.948089930876065 1.5 654
Time 1.649221558755743e-08 0.1228104326143553
-3.48563678356055 -4.3 1.149263271505656 655
-4.503302325867168 -3.1078321205639545 -0.13352096163591698 655
-3.2073883659479425 -3.974039444010464 1.5 656
-3.48563678356055 -4.3 1.149263271505656 656
-2.0174 -2.58 0 657
-3.2073883659479425 -3.974039444010464 1.5 657
Time 1.6491119409478908e-08 0.12313074026984872
-3.4227481238163593 -4.3 1.1822567922673186 658
-4.439851690865398 -3.0551709745955105 -0.1333126878009976 658
-3.177091961305101 -3.9993423961232133 1.5 659
-3.4227481238163593 -4.3 1.1822567922673186 659
-2.0174 -2.58 0 660
-3.177091961305101 -3.9993423961232133 1.5 660
Time 2.9859763868743134e-08 0.009008783711963755
-6.1169809791868905 -3.450057991820907 -1.5 661
-4.525433998366894 -3.031388172003881 -0.02804722625136291 661
-6.5 -3.5508143668213474 -1.1457623200077514 662
-6.1169809791868905 -3.450057991820907 -1.5 662
-6.10394486996275 -3.6550000000000002 -0.7794681079981585 663
-6.5 -3.5508143668213474 -1.1457623200077514 663
-3.639273006937703 -3.006647336059698 1.5 664
-6.10394486996275 -3.6550000000000002 -0.7794681079981585 664
-2.0174 -2.58 0 665
-3.639273006937703 -3.006647336059698 1.5 665
Time 2.9857227575791494e-08 0.00919285974265718
-6.146815321663378 -3.3415884814779786 -1.5 666
-4.565572282283448 -2.887594725450564 -0.028554484841691874 666
-6.5 -3.4429920195148984 -1.171339573981717 667
-6.146815321663378 -3.3415884814779786 -1.5 667
-5.761584242108343 -3.6550000000000002 -0.4841975419143518 668
-6.5 -3.4429920195148984 -1.171339573981717 668
-3.6293282261122073 -3.0428038395073407 1.5 669
-5.761584242108343 -3.6550000000000002 -0.4841975419143518 669
-2.0174 -2.58 0 670
-3.6293282261122073 -3.0428038395073407 1.5 670
Time 2.985510246369584e-08 0.009018527308005736
-6.33585457156392 -3.4951719351099646 -1.5 671
-4.662720559516161 -3.0505526061156525 0.12029600505765825 671
-6.5 -3.538792009606813 -1.3410383268594586 672
-6.33585457156392 -3.4951719351099646 -1.5 672
-6.062701105149101 -3.6550000000000002 -0.9175494447729378 673
-6.5 -3.538792009606813 -1.3410383268594586 673
-3.5663151428120266 -2.9916093549633453 1.5 674
-6.062701105149101 -3.6550000000000002 -0.9175494447729378 674
-2.0174 -2.58 0 675
-3.5663151428120266 -2.9916093549633453 1.5 675
Time 2.985155356980552e-08 0.009206130457159482
-6.365251099150139 -3.3894282733280328 -1.5 676
-4.703448265964109 -2.9069510030783174 0.11956848181014124 676
-6.5 -3.428550412581187 -1.36867571265564 677
-6.365251099150139 -3.3894282733280328 -1.5 677
-5.720036695714965 -3.6550000000000002 -0.60853500320294 678
-6.5 -3.428550412581187 -1.36867571265564 678
-3.556516300283287 -3.0268572422239894 1.5 679
-5.720036695714965 -3.6550000000000002 -0.60853500320294 679
-2.0174 -2.58 0 680
-3.556516300283287 -3.0268572422239894 1.5 680
Time 2.713320029496792e-08 0.009828377866015422
-5.59 -3.779665373917589 -1.4514467963642805 681
-4.4740903250575474 -3.0798917960320313 -0.0306959351070486 681
-5.551864538559135 -3.803579664559586 -1.5 682
-5.59 -3.779665373917589 -1.4514467963642805 682
-4.760236685404139 -4.3 -0.49211739138010757 683
-5.551864538559135 -3.803579664559586 -1.5 683
-3.1955548461863783 -3.3188067784801376 1.5 684
-4.760236685404139 -4.3 -0.49211739138010757 684
-2.0174 -2.58 0 685
-3.1955548461863783 -3.3188067784801376 1.5 685
Time 2.7135190618153818e-08 0.009867306032977034
-5.59 -3.6557143855120295 -1.3790283817521125 686
-4.5472286446965295 -2.9656261263886687 -0.030258064006151608 686
-5.496473521359503 -3.717608610452813 -1.5 687
-5.59 -3.6557143855120295 -1.3790283817521125 687
-4.616439626323144 -4.3 -0.36172209257707166 688
-5.496473521359503 -3.717608610452813 -1.5 688
-3.1770911737865006 -3.347463796515729 1.5 689
-4.616439626323144 -4.3 -0.36172209257707166 689
-2.0174 -2.58 0 690
-3.1770911737865006 -3.347463796515729 1.5 690
Time 2.712906598687523e-08 0.009772101857357796
-5.59 -3.767902147032499 -1.2113416806841757 691
-4.608653716215948 -3.149280454503893 0.10403984704693503 691
-5.3746451672219 -3.90365766305045 -1.5 692
-5.59 -3.767902147032499 -1.2113416806841757 692
-4.745910216331472 -4.3 -0.657253302013638 693
-5.3746451672219 -3.90365766305045 -1.5 693
-3.1364817224073 -3.28544744564985 1.5 694
-4.745910216331472 -4.3 -0.657253302013638 694
-2.0174 -2.58 0 695
-3.1364817224073 -3.28544744564985 1.5 695
Time 2.39195083049529e-08 0.036221126907388275
-4.013400426188094 -3.8005445941274534 -1.5 696
-4.669808265049761 -3.0706509992643856 -0.020122923761766387 696
-3.56423023770592 -4.3 -0.4873419756578219 697
-4.013400426188094 -3.8005445941274534 -1.5 697
-2.6827334753960312 -3.3198184686241823 1.5 698
-3.56423023770592 -4.3 -0.4873419756578219 698
-2.0174 -2.58 0 699
-2.6827334753960312 -3.3198184686241823 1.5 699
Time 2.3923123789665922e-08 0.036418447433944255
-3.945584262428774 -3.7413808018622485 -1.5 700
-4.580077266631628 -2.9915728251911773 -0.019219052583510976 700
-3.472876603588678 -4.3 -0.39679399099493007 701
-3.945584262428774 -3.7413808018622485 -1.5 701
-2.660128087476258 -3.3395397327125838 1.5 702
-3.472876603588678 -4.3 -0.39679399099493007 702
-2.0174 -2.58 0 703
-2.660128087476258 -3.3395397327125838 1.5 703
Time 2.3920142994917075e-08 0.03660032693725309
-3.8760153366764634 -3.68428832467041 -1.5 704
-4.487308034769279 -2.9160801517343784 -0.019964251270722766 704
-3.386069948799403 -4.3 -0.3137651713402587 705
-3.8760153366764634 -3.68428832467041 -1.5 705
-2.636938445558821 -3.3585705584431964 1.5 706
-3.386069948799403 -4.3 -0.3137651713402587 706
-2.0174 -2.58 0 707
-2.636938445558821 -3.3585705584431964 1.5 707
Time 2.391313127328602e-08 0.036149130367424266
-3.8687158952962104 -3.934260055346503 -1.5 708
-4.526076401843898 -3.193660857755324 0.097848474687944 708
-3.5440828197215555 -4.3 -0.7109132515970695 709
-3.8687158952962104 -3.934260055346503 -1.5 709
-2.63450529843207 -3.2752466482178324 1.5 710
-3.5440828197215555 -4.3 -0.7109132515970695 710
-2.0174 -2.58 0 711
-2.63450529843207 -3.2752466482178324 1.5 711
Time 2.391515905828707e-08 0.03636152445288536
-3.801810505310086 -3.8767406107895894 -1.5 712
-4.435619460053586 -3.1154712788857264 0.09836555986321227 712
-3.4494180210497314 -4.3 -0.6113221007987568 713
-3.801810505310086 -3.8767406107895894 -1.5 713
-2.6122035017700287 -3.2944197964034703 1.5 714
-3.4494180210497314 -4.3 -0.6113221007987568 714
-2.0174 -2.58 0 715
-2.6122035017700287 -3.2944197964034703 1.5 715
