# Started @ 1435576673
Receiver -4.557 -3.01 0 0.2241
Transmitter -2.0174 -2.58 0
planes 0 -6.5 1 4.3 2 1.5 0 -6.5 1 -4.3 2 1.5 0 -6.5 1 -4.3 2 -1.5 0 -6.5 1 4.3 2 -1.5
planes 0 6.5 1 4.3 2 1.5 0 6.5 1 -4.3 2 1.5 0 6.5 1 -4.3 2 -1.5 0 6.5 1 4.3 2 -1.5
planes 1 -4.3 2 1.5 0 6.5 1 -4.3 2 -1.5 0 6.5 1 -4.3 2 -1.5 0 -6.5 1 -4.3 2 1.5 0 -6.5
planes 1 4.3 2 1.5 0 6.5 1 4.3 2 -1.5 0 6.5 1 4.3 2 -1.5 0 -6.5 1 4.3 2 1.5 0 -6.5
planes 2 -1.5 0 6.5 1 4.3 2 -1.5 0 -6.5 1 4.3 2 -1.5 0 -6.5 1 -4.3 2 -1.5 0 6.5 1 -4.3
planes 2 1.5 0 6.5 1 4.3 2 1.5 0 -6.5 1 4.3 2 1.5 0 -6.5 1 -4.3 2 1.5 0 6.5 1 -4.3
planes 0 -3.6736 1 -0.47 2 1.5 0 -3.6736 1 -2.97 2 1.5 0 -3.6736 1 -2.97 2 -1.5 0 -3.6736 1 -0.47 2 -1.5
planes 0 -3.6436 1 -0.47 2 1.5 0 -3.6436 1 -2.97 2 1.5 0 -3.6436 1 -2.97 2 -1.5 0 -3.6436 1 -0.47 2 -1.5
planes 1 -2.97 2 1.5 0 -3.6436 1 -2.97 2 -1.5 0 -3.6436 1 -2.97 2 -1.5 0 -3.6736 1 -2.97 2 1.5 0 -3.6736
planes 1 -0.47 2 1.5 0 -3.6436 1 -0.47 2 -1.5 0 -3.6436 1 -0.47 2 -1.5 0 -3.6736 1 -0.47 2 1.5 0 -3.6736
planes 2 -1.5 0 -3.6436 1 -0.47 2 -1.5 0 -3.6736 1 -0.47 2 -1.5 0 -3.6736 1 -2.97 2 -1.5 0 -3.6436 1 -2.97
planes 2 1.5 0 -3.6436 1 -0.47 2 1.5 0 -3.6736 1 -0.47 2 1.5 0 -3.6736 1 -2.97 2 1.5 0 -3.6436 1 -2.97
planes 0 5.59 1 4.3 2 1.5 0 5.59 1 3.655 2 1.5 0 5.59 1 3.655 2 -1.5 0 5.59 1 4.3 2 -1.5
planes 0 6.5 1 4.3 2 1.5 0 6.5 1 3.655 2 1.5 0 6.5 1 3.655 2 -1.5 0 6.5 1 4.3 2 -1.5
planes 1 3.655 2 1.5 0 6.5 1 3.655 2 -1.5 0 6.5 1 3.655 2 -1.5 0 5.59 1 3.655 2 1.5 0 5.59
planes 1 4.3 2 1.5 0 6.5 1 4.3 2 -1.5 0 6.5 1 4.3 2 -1.5 0 5.59 1 4.3 2 1.5 0 5.59
planes 2 -1.5 0 6.5 1 4.3 2 -1.5 0 5.59 1 4.3 2 -1.5 0 5.59 1 3.655 2 -1.5 0 6.5 1 3.655
planes 2 1.5 0 6.5 1 4.3 2 1.5 0 5.59 1 4.3 2 1.5 0 5.59 1 3.655 2 1.5 0 6.5 1 3.655
planes 0 -6.5 1 4.3 2 1.5 0 -6.5 1 3.655 2 1.5 0 -6.5 1 3.655 2 -1.5 0 -6.5 1 4.3 2 -1.5
planes 0 -5.59 1 4.3 2 1.5 0 -5.59 1 3.655 2 1.5 0 -5.59 1 3.655 2 -1.5 0 -5.59 1 4.3 2 -1.5
planes 1 3.655 2 1.5 0 -5.59 1 3.655 2 -1.5 0 -5.59 1 3.655 2 -1.5 0 -6.5 1 3.655 2 1.5 0 -6.5
planes 1 4.3 2 1.5 0 -5.59 1 4.3 2 -1.5 0 -5.59 1 4.3 2 -1.5 0 -6.5 1 4.3 2 1.5 0 -6.5
planes 2 -1.5 0 -5.59 1 4.3 2 -1.5 0 -6.5 1 4.3 2 -1.5 0 -6.5 1 3.655 2 -1.5 0 -5.59 1 3.655
planes 2 1.5 0 -5.59 1 4.3 2 1.5 0 -6.5 1 4.3 2 1.5 0 -6.5 1 3.655 2 1.5 0 -5.59 1 3.655
planes 0 5.59 1 -3.655 2 1.5 0 5.59 1 -4.3 2 1.5 0 5.59 1 -4.3 2 -1.5 0 5.59 1 -3.655 2 -1.5
planes 0 6.5 1 -3.655 2 1.5 0 6.5 1 -4.3 2 1.5 0 6.5 1 -4.3 2 -1.5 0 6.5 1 -3.655 2 -1.5
planes 1 -4.3 2 1.5 0 6.5 1 -4.3 2 -1.5 0 6.5 1 -4.3 2 -1.5 0 5.59 1 -4.3 2 1.5 0 5.59
planes 1 -3.655 2 1.5 0 6.5 1 -3.655 2 -1.5 0 6.5 1 -3.655 2 -1.5 0 5.59 1 -3.655 2 1.5 0 5.59
planes 2 -1.5 0 6.5 1 -3.655 2 -1.5 0 5.59 1 -3.655 2 -1.5 0 5.59 1 -4.3 2 -1.5 0 6.5 1 -4.3
planes 2 1.5 0 6.5 1 -3.655 2 1.5 0 5.59 1 -3.655 2 1.5 0 5.59 1 -4.3 2 1.5 0 6.5 1 -4.3
planes 0 -6.5 1 -3.655 2 1.5 0 -6.5 1 -4.3 2 1.5 0 -6.5 1 -4.3 2 -1.5 0 -6.5 1 -3.655 2 -1.5
planes 0 -5.59 1 -3.655 2 1.5 0 -5.59 1 -4.3 2 1.5 0 -5.59 1 -4.3 2 -1.5 0 -5.59 1 -3.655 2 -1.5
planes 1 -4.3 2 1.5 0 -5.59 1 -4.3 2 -1.5 0 -5.59 1 -4.3 2 -1.5 0 -6.5 1 -4.3 2 1.5 0 -6.5
planes 1 -3.655 2 1.5 0 -5.59 1 -3.655 2 -1.5 0 -5.59 1 -3.655 2 -1.5 0 -6.5 1 -3.655 2 1.5 0 -6.5
planes 2 -1.5 0 -5.59 1 -3.655 2 -1.5 0 -6.5 1 -3.655 2 -1.5 0 -6.5 1 -4.3 2 -1.5 0 -5.59 1 -4.3
planes 2 1.5 0 -5.59 1 -3.655 2 1.5 0 -6.5 1 -3.655 2 1.5 0 -6.5 1 -4.3 2 1.5 0 -5.59 1 -4.3
Time 3.27399e-008 0.4096
-4.24775 -3.62883 -1.5 0
-4.69485 -3.14949 0.00347733 0
-3.62172 -4.3 0.605147 1
-4.24775 -3.62883 -1.5 1
-3.35561 -4.0147 1.5 2
-3.62172 -4.3 0.605147 2
-2.46347 -3.05823 -1.5 3
-3.35561 -4.0147 1.5 3
-2.0174 -2.58 0 4
-2.46347 -3.05823 -1.5 4
