Receiver 3 3 3 1
Transmitter 0 0 5
planes 0 -5 1 5 2 5 0 -5 1 -5 2 5 0 -5 1 -5 2 -5 0 -5 1 5 2 -5
planes 0 5 1 5 2 5 0 5 1 -5 2 5 0 5 1 -5 2 -5 0 5 1 5 2 -5
planes 1 -5 2 5 0 5 1 -5 2 -5 0 5 1 -5 2 -5 0 -5 1 -5 2 5 0 -5
planes 1 5 2 5 0 5 1 5 2 -5 0 5 1 5 2 -5 0 -5 1 5 2 5 0 -5
planes 2 -5 0 5 1 5 2 -5 0 -5 1 5 2 -5 0 -5 1 -5 2 -5 0 5 1 -5
planes 2 5 0 5 1 5 2 5 0 -5 1 5 2 5 0 -5 1 -5 2 5 0 5 1 -5
planes 0 2 1 5 2 5 0 2 1 -5 2 5 0 2 1 -5 2 -5 0 2 1 5 2 -5
planes 0 4 1 5 2 5 0 4 1 -5 2 5 0 4 1 -5 2 -5 0 4 1 5 2 -5
planes 1 -5 2 5 0 4 1 -5 2 -5 0 4 1 -5 2 -5 0 2 1 -5 2 5 0 2
planes 1 5 2 5 0 4 1 5 2 -5 0 4 1 5 2 -5 0 2 1 5 2 5 0 2
planes 2 -5 0 4 1 5 2 -5 0 2 1 5 2 -5 0 2 1 -5 2 -5 0 4 1 -5
planes 2 5 0 4 1 5 2 5 0 2 1 5 2 5 0 2 1 -5 2 5 0 4 1 -5
planes 0 -4 1 2 2 -1 0 -4 1 -2 2 -1 0 -4 1 -2 2 -5 0 -4 1 2 2 -5
planes 0 -1 1 2 2 -1 0 -1 1 -2 2 -1 0 -1 1 -2 2 -5 0 -1 1 2 2 -5
planes 1 -2 2 -1 0 -1 1 -2 2 -5 0 -1 1 -2 2 -5 0 -4 1 -2 2 -1 0 -4
planes 1 2 2 -1 0 -1 1 2 2 -5 0 -1 1 2 2 -5 0 -4 1 2 2 -1 0 -4
planes 2 -5 0 -1 1 2 2 -5 0 -4 1 2 2 -5 0 -4 1 -2 2 -5 0 -1 1 -2
planes 2 -1 0 -1 1 2 2 -1 0 -4 1 2 2 -1 0 -4 1 -2 2 -1 0 -1 1 -2
0 0 5 0
2 0 -1 0
0.666667 0 -5 0
0.666667 0 -5 1
2 0 -1 2
4 0 3.77084 2
4.51528 0 5 2
5 0 3.84375 2
4 0 1.45833 2
5 0 3.84375 3
4.51528 0 5 4